# From 0 to 1
1 1 2 30 23 
3 1 2 40 37 
1 1 2 50 45 
7 1 2 50 54 
3 1 2 50 49 
1 1 2 60 56 
7 1 2 60 65 
3 1 2 60 62 
1 1 2 70 68 
7 1 2 70 76 
3 1 2 70 71 
1 1 2 80 79 
7 1 2 80 85 
3 1 2 90 91 
8 1 2 80 86 
1 1 2 90 89 
7 1 2 90 96 
3 1 2 100 105 
8 1 2 90 97 
7 1 2 100 108 


# From 0 to 2
1 1 3 30 23 
1 1 3 50 46 
1 1 3 60 56 
1 1 3 70 68 
7 1 3 70 76 
1 1 3 80 79 
7 1 3 90 96 
8 1 3 80 87 
1 1 3 90 90 
8 1 3 90 97 


# From 0 to 3
1 1 4 10 1 
1 1 4 30 23 
3 1 4 30 27 
1 1 4 50 47 
3 1 4 40 36 
1 1 4 60 56 
5 1 4 40 40 
3 1 4 50 50 
3 1 4 60 60 
1 1 4 80 78 
8 1 4 70 77 
5 1 4 50 52 
3 1 4 70 70 
8 1 4 80 88 
5 1 4 90 93 
3 1 4 80 80 
8 1 4 90 98 
6 1 4 80 84 


# From 0 to 4
1 1 5 30 23 
3 1 5 40 36 
1 1 5 50 48 
3 1 5 60 61 
1 1 5 60 56 
3 1 5 70 70 
1 1 5 70 67 
3 1 5 100 104 
1 1 5 80 79 
8 1 5 90 98 
1 1 5 90 90 


# From 0 to 5
1 1 6 40 34 
1 1 6 50 45 
2 1 6 60 58 
1 1 6 60 56 
2 1 6 100 102 
3 1 6 80 80 
1 1 6 70 67 
3 1 6 90 91 
5 1 6 90 94 
1 1 6 80 79 
3 1 6 100 105 
8 1 6 80 87 
1 1 6 90 89 
7 1 6 100 108 
8 1 6 90 99 


# From 0 to 6
1 1 7 30 23 
3 1 7 40 37 
1 1 7 50 46 
3 1 7 50 49 
1 1 7 60 56 
3 1 7 60 62 
1 1 7 70 68 
3 1 7 90 92 
1 1 7 80 78 
3 1 7 100 105 
4 1 7 80 82 
1 1 7 90 90 


# From 0 to 7
1 1 8 30 23 
3 1 8 40 37 
1 1 8 40 34 
7 1 8 40 43 
3 1 8 50 50 
6 1 8 60 64 
1 1 8 50 46 
7 1 8 50 55 
3 1 8 60 62 
6 1 8 70 75 
1 1 8 80 79 
7 1 8 60 65 
3 1 8 70 70 
6 1 8 80 84 
1 1 8 100 100 
2 1 8 60 59 
7 1 8 100 110 
3 1 8 80 80 
6 1 8 100 106 
2 1 8 70 69 
3 1 8 90 92 
2 1 8 100 103 
3 1 8 100 105 


# From 1 to 0
2 2 1 10 2 
3 2 1 10 4 
2 2 1 20 12 
3 2 1 20 14 
2 2 1 60 58 
3 2 1 30 26 
6 2 1 70 75 
2 2 1 70 69 
3 2 1 40 37 
6 2 1 80 83 
2 2 1 100 101 
7 2 1 50 53 
3 2 1 50 49 
6 2 1 100 106 
7 2 1 60 65 
3 2 1 70 70 
7 2 1 70 76 
3 2 1 80 80 
7 2 1 90 95 
3 2 1 90 92 
7 2 1 100 108 
3 2 1 100 105 


# From 1 to 2
2 2 3 10 2 
2 2 3 20 12 
2 2 3 30 25 
8 2 3 60 66 
2 2 3 40 35 
8 2 3 80 87 
5 2 3 40 40 
2 2 3 60 59 
8 2 3 90 97 
5 2 3 50 51 
2 2 3 70 69 
5 2 3 70 74 
1 2 3 70 68 
7 2 3 70 76 
1 2 3 80 79 
7 2 3 90 96 
1 2 3 90 90 


# From 1 to 3
2 2 4 10 3 
6 2 4 10 8 
2 2 4 20 12 
1 2 4 10 1 
6 2 4 20 19 
3 2 4 30 27 
2 2 4 30 25 
1 2 4 30 23 
6 2 4 40 41 
3 2 4 40 36 
8 2 4 30 33 
2 2 4 40 35 
1 2 4 50 47 
6 2 4 60 64 
5 2 4 40 40 
3 2 4 50 50 
8 2 4 70 77 
2 2 4 60 59 
1 2 4 60 56 
6 2 4 70 75 
5 2 4 50 52 
3 2 4 60 60 
8 2 4 80 88 
2 2 4 70 69 
1 2 4 80 78 
6 2 4 80 84 
5 2 4 90 93 
3 2 4 70 70 
8 2 4 90 98 
3 2 4 80 80 


# From 1 to 4
2 2 5 20 13 
7 2 5 20 20 
2 2 5 30 24 
7 2 5 30 30 
2 2 5 40 35 
7 2 5 40 42 
2 2 5 60 57 
7 2 5 50 53 
2 2 5 70 69 
1 2 5 50 48 
7 2 5 60 65 
1 2 5 70 67 
2 2 5 100 103 
1 2 5 60 56 
7 2 5 70 76 
1 2 5 80 79 
7 2 5 100 109 
3 2 5 60 61 
3 2 5 70 70 
8 2 5 90 98 
1 2 5 90 90 
3 2 5 100 104 


# From 1 to 5
2 2 6 10 3 
2 2 6 20 13 
7 2 6 30 32 
2 2 6 30 24 
7 2 6 40 42 
5 2 6 40 38 
2 2 6 40 35 
7 2 6 50 54 
5 2 6 50 51 
2 2 6 60 58 
7 2 6 60 65 
5 2 6 90 94 
2 2 6 100 102 
7 2 6 70 76 
3 2 6 80 80 
7 2 6 80 85 
3 2 6 90 91 
7 2 6 90 96 
3 2 6 100 105 
7 2 6 100 108 


# From 1 to 6
2 2 7 10 2 
3 2 7 20 15 
2 2 7 20 13 
3 2 7 40 37 
2 2 7 30 24 
3 2 7 50 49 
5 2 7 30 28 
2 2 7 40 35 
3 2 7 60 62 
5 2 7 40 39 
2 2 7 60 59 
3 2 7 90 92 
5 2 7 50 52 
8 2 7 60 66 
2 2 7 70 69 
3 2 7 100 105 
4 2 7 70 73 
5 2 7 70 74 
8 2 7 70 77 
1 2 7 70 68 
2 2 7 100 103 
4 2 7 80 82 
5 2 7 90 94 
8 2 7 80 87 
1 2 7 80 78 
6 2 7 100 106 
8 2 7 90 97 
1 2 7 90 90 


# From 1 to 7
2 2 8 20 13 
7 2 8 20 20 
2 2 8 30 25 
5 2 8 20 18 
7 2 8 40 43 
2 2 8 60 59 
5 2 8 30 29 
7 2 8 50 55 
2 2 8 70 69 
5 2 8 40 40 
7 2 8 60 65 
1 2 8 80 79 
2 2 8 100 103 
5 2 8 50 51 
7 2 8 100 110 
1 2 8 100 100 
5 2 8 70 74 
5 2 8 90 94 
6 2 8 100 106 


# From 2 to 0
3 3 1 10 4 
3 3 1 20 14 
3 3 1 30 26 
3 3 1 40 37 
7 3 1 50 53 
3 3 1 50 49 
7 3 1 60 65 
3 3 1 70 70 
2 3 1 60 58 
7 3 1 70 76 
3 3 1 80 80 
6 3 1 70 75 
2 3 1 70 69 
7 3 1 90 95 
6 3 1 80 83 
3 3 1 90 92 
2 3 1 100 101 
7 3 1 100 108 
6 3 1 100 106 
3 3 1 100 105 


# From 2 to 1
3 3 2 20 15 
7 3 2 30 30 
3 3 2 40 37 
7 3 2 50 54 
3 3 2 50 49 
7 3 2 60 65 
3 3 2 60 62 
7 3 2 70 76 
3 3 2 70 71 
7 3 2 80 85 
3 3 2 90 91 
7 3 2 90 96 
3 3 2 100 105 
7 3 2 100 108 


# From 2 to 3
3 3 4 10 4 
1 3 4 10 1 
3 3 4 30 27 
1 3 4 30 23 
3 3 4 40 36 
1 3 4 50 47 
5 3 4 40 40 
3 3 4 50 50 
1 3 4 60 56 
8 3 4 70 77 
5 3 4 50 52 
3 3 4 60 60 
1 3 4 80 78 
8 3 4 80 88 
5 3 4 90 93 
3 3 4 70 70 
8 3 4 90 98 
3 3 4 80 80 
6 3 4 80 84 


# From 2 to 4
3 3 5 20 15 
7 3 5 20 20 
3 3 5 40 36 
7 3 5 30 30 
3 3 5 60 61 
2 3 5 30 24 
7 3 5 40 42 
3 3 5 70 70 
2 3 5 40 35 
7 3 5 50 53 
1 3 5 70 67 
3 3 5 100 104 
2 3 5 60 57 
1 3 5 50 48 
7 3 5 60 65 
1 3 5 80 79 
2 3 5 70 69 
1 3 5 60 56 
7 3 5 70 76 
8 3 5 90 98 
1 3 5 90 90 
2 3 5 100 103 
7 3 5 100 109 


# From 2 to 5
3 3 6 10 4 
1 3 6 40 34 
3 3 6 20 15 
1 3 6 50 45 
7 3 6 30 32 
3 3 6 30 26 
2 3 6 60 58 
1 3 6 60 56 
7 3 6 40 42 
3 3 6 40 36 
2 3 6 100 102 
3 3 6 80 80 
1 3 6 70 67 
5 3 6 40 38 
7 3 6 50 54 
3 3 6 90 91 
5 3 6 90 94 
1 3 6 80 79 
5 3 6 50 51 
7 3 6 60 65 
3 3 6 100 105 
8 3 6 80 87 
1 3 6 90 89 
7 3 6 70 76 
7 3 6 100 108 
8 3 6 90 99 
7 3 6 80 85 
7 3 6 90 96 


# From 2 to 6
3 3 7 20 15 
3 3 7 40 37 
3 3 7 50 49 
3 3 7 60 62 
3 3 7 90 92 
3 3 7 100 105 


# From 2 to 7
3 3 8 20 15 
7 3 8 20 20 
3 3 8 40 37 
5 3 8 20 18 
7 3 8 40 43 
3 3 8 50 50 
5 3 8 30 29 
7 3 8 50 55 
3 3 8 60 62 
5 3 8 40 40 
7 3 8 60 65 
3 3 8 70 70 
5 3 8 50 51 
2 3 8 60 59 
7 3 8 100 110 
1 3 8 80 79 
3 3 8 80 80 
5 3 8 70 74 
2 3 8 70 69 
1 3 8 100 100 
6 3 8 80 84 
3 3 8 90 92 
5 3 8 90 94 
2 3 8 100 103 
6 3 8 100 106 
3 3 8 100 105 


# From 3 to 0
4 4 1 10 5 
3 4 1 10 4 
4 4 1 20 16 
3 4 1 20 14 
4 4 1 70 73 
3 4 1 30 26 
7 4 1 70 76 
4 4 1 80 82 
3 4 1 40 37 
3 4 1 70 70 
7 4 1 90 95 
7 4 1 50 53 
3 4 1 50 49 
3 4 1 80 80 
7 4 1 100 108 
7 4 1 60 65 
6 4 1 80 83 
3 4 1 90 92 
2 4 1 100 101 
2 4 1 60 58 
6 4 1 100 106 
3 4 1 100 105 
6 4 1 70 75 
2 4 1 70 69 


# From 3 to 1
4 4 2 10 5 
3 4 2 20 15 
4 4 2 20 16 
7 4 2 30 30 
3 4 2 40 37 
1 4 2 30 23 
4 4 2 70 73 
7 4 2 50 54 
3 4 2 50 49 
1 4 2 50 45 
7 4 2 70 76 
4 4 2 80 81 
7 4 2 60 65 
3 4 2 60 62 
1 4 2 60 56 
3 4 2 70 71 
7 4 2 80 85 
1 4 2 70 68 
3 4 2 90 91 
7 4 2 90 96 
1 4 2 80 79 
3 4 2 100 105 
7 4 2 100 108 
8 4 2 80 86 
1 4 2 90 89 
8 4 2 90 97 


# From 3 to 2
4 4 3 10 5 
4 4 3 20 16 
1 4 3 30 23 
4 4 3 70 73 
1 4 3 50 46 
7 4 3 70 76 
4 4 3 80 82 
1 4 3 60 56 
7 4 3 90 96 
1 4 3 70 68 
1 4 3 80 79 
8 4 3 80 87 
1 4 3 90 90 
8 4 3 90 97 


# From 3 to 4
4 4 5 10 5 
3 4 5 20 15 
4 4 5 20 16 
7 4 5 20 20 
3 4 5 40 36 
1 4 5 30 23 
4 4 5 60 63 
7 4 5 30 30 
3 4 5 60 61 
1 4 5 50 48 
4 4 5 70 72 
2 4 5 30 24 
7 4 5 40 42 
3 4 5 70 70 
1 4 5 60 56 
4 4 5 80 82 
2 4 5 40 35 
7 4 5 50 53 
1 4 5 70 67 
3 4 5 100 104 
7 4 5 100 109 
2 4 5 60 57 
7 4 5 60 65 
1 4 5 80 79 
2 4 5 70 69 
7 4 5 70 76 
8 4 5 90 98 
1 4 5 90 90 
2 4 5 100 103 


# From 3 to 5
4 4 6 10 5 
3 4 6 10 4 
4 4 6 20 16 
1 4 6 40 34 
3 4 6 20 15 
4 4 6 60 63 
1 4 6 50 45 
7 4 6 30 32 
3 4 6 30 26 
5 4 6 90 94 
4 4 6 70 72 
2 4 6 60 58 
1 4 6 60 56 
7 4 6 40 42 
3 4 6 40 36 
4 4 6 80 81 
2 4 6 100 102 
3 4 6 80 80 
1 4 6 70 67 
5 4 6 40 38 
7 4 6 50 54 
3 4 6 90 91 
1 4 6 80 79 
5 4 6 50 51 
7 4 6 60 65 
3 4 6 100 105 
8 4 6 80 87 
1 4 6 90 89 
7 4 6 70 76 
7 4 6 100 108 
8 4 6 90 99 
7 4 6 80 85 
7 4 6 90 96 


# From 3 to 6
4 4 7 10 5 
3 4 7 20 15 
4 4 7 20 16 
3 4 7 40 37 
1 4 7 30 23 
4 4 7 70 73 
3 4 7 50 49 
1 4 7 50 46 
4 4 7 80 82 
3 4 7 60 62 
1 4 7 60 56 
3 4 7 90 92 
1 4 7 70 68 
3 4 7 100 105 
1 4 7 80 78 
1 4 7 90 90 


# From 3 to 7
4 4 8 10 5 
3 4 8 20 15 
4 4 8 20 16 
7 4 8 20 20 
3 4 8 40 37 
1 4 8 30 23 
4 4 8 70 73 
5 4 8 20 18 
7 4 8 40 43 
3 4 8 50 50 
1 4 8 40 34 
7 4 8 100 110 
4 4 8 80 82 
5 4 8 30 29 
7 4 8 50 55 
3 4 8 60 62 
6 4 8 60 64 
1 4 8 50 46 
5 4 8 40 40 
7 4 8 60 65 
3 4 8 70 70 
6 4 8 70 75 
1 4 8 80 79 
5 4 8 50 51 
2 4 8 60 59 
3 4 8 80 80 
6 4 8 80 84 
1 4 8 100 100 
5 4 8 70 74 
2 4 8 70 69 
3 4 8 90 92 
6 4 8 100 106 
5 4 8 90 94 
2 4 8 100 103 
3 4 8 100 105 


# From 4 to 0
5 5 1 10 7 
6 5 1 10 8 
5 5 1 20 17 
6 5 1 70 75 
2 5 1 20 12 
5 5 1 30 28 
6 5 1 80 83 
3 5 1 20 14 
2 5 1 60 58 
3 5 1 30 26 
5 5 1 40 39 
6 5 1 100 106 
2 5 1 70 69 
3 5 1 40 37 
7 5 1 50 53 
5 5 1 50 51 
2 5 1 100 101 
3 5 1 50 49 
7 5 1 60 65 
5 5 1 70 74 
3 5 1 70 70 
7 5 1 70 76 
5 5 1 90 94 
3 5 1 80 80 
7 5 1 90 95 
3 5 1 90 92 
7 5 1 100 108 
3 5 1 100 105 


# From 4 to 1
5 5 2 20 17 
5 5 2 30 28 
3 5 2 40 37 
5 5 2 40 39 
7 5 2 50 54 
3 5 2 50 49 
5 5 2 50 51 
7 5 2 60 65 
3 5 2 60 62 
5 5 2 70 74 
7 5 2 70 76 
3 5 2 70 71 
5 5 2 90 94 
7 5 2 80 85 
3 5 2 90 91 
6 5 2 100 106 
7 5 2 90 96 
3 5 2 100 105 
7 5 2 100 108 


# From 4 to 2
5 5 3 20 18 
8 5 3 20 22 
5 5 3 30 28 
7 5 3 30 31 
8 5 3 60 66 
5 5 3 40 40 
7 5 3 40 43 
8 5 3 80 87 
5 5 3 50 51 
7 5 3 50 53 
8 5 3 90 97 
2 5 3 60 59 
5 5 3 70 74 
1 5 3 50 46 
7 5 3 70 76 
2 5 3 70 69 
1 5 3 60 56 
7 5 3 90 96 
1 5 3 70 68 
1 5 3 80 79 
1 5 3 90 90 


# From 4 to 3
5 5 4 10 6 
5 5 4 20 18 
8 5 4 30 33 
5 5 4 30 29 
8 5 4 70 77 
5 5 4 40 40 
8 5 4 80 88 
5 5 4 50 52 
8 5 4 90 98 
5 5 4 90 93 


# From 4 to 5
5 5 6 10 7 
5 5 6 20 18 
8 5 6 20 22 
5 5 6 40 38 
7 5 6 30 32 
8 5 6 40 44 
5 5 6 50 51 
7 5 6 40 42 
8 5 6 60 66 
2 5 6 60 58 
5 5 6 90 94 
7 5 6 50 54 
3 5 6 80 80 
8 5 6 80 87 
2 5 6 100 102 
7 5 6 60 65 
3 5 6 90 91 
8 5 6 90 99 
7 5 6 70 76 
3 5 6 100 105 
7 5 6 80 85 
7 5 6 100 108 
7 5 6 90 96 


# From 4 to 6
5 5 7 10 6 
4 5 7 10 5 
5 5 7 20 17 
3 5 7 20 15 
4 5 7 20 16 
2 5 7 20 13 
5 5 7 30 28 
3 5 7 40 37 
1 5 7 30 23 
4 5 7 70 73 
2 5 7 30 24 
5 5 7 40 39 
3 5 7 50 49 
1 5 7 50 46 
4 5 7 80 82 
2 5 7 40 35 
5 5 7 50 52 
3 5 7 60 62 
1 5 7 60 56 
2 5 7 60 59 
5 5 7 70 74 
3 5 7 90 92 
1 5 7 70 68 
8 5 7 60 66 
2 5 7 70 69 
5 5 7 90 94 
3 5 7 100 105 
1 5 7 80 78 
8 5 7 70 77 
2 5 7 100 103 
6 5 7 100 106 
1 5 7 90 90 
8 5 7 80 87 
8 5 7 90 97 


# From 4 to 7
5 5 8 20 18 
5 5 8 30 29 
5 5 8 40 40 
5 5 8 50 51 
2 5 8 60 59 
5 5 8 70 74 
2 5 8 70 69 
7 5 8 100 110 
5 5 8 90 94 
1 5 8 80 79 
2 5 8 100 103 
6 5 8 100 106 
1 5 8 100 100 


# From 5 to 0
6 6 1 10 8 
6 6 1 70 75 
6 6 1 80 83 
6 6 1 100 106 
2 6 1 100 101 


# From 5 to 1
6 6 2 10 8 
1 6 2 30 23 
6 6 2 20 19 
3 6 2 40 37 
1 6 2 50 45 
4 6 2 20 16 
6 6 2 60 64 
7 6 2 50 54 
3 6 2 50 49 
1 6 2 60 56 
4 6 2 70 73 
8 6 2 60 66 
6 6 2 70 75 
7 6 2 60 65 
3 6 2 60 62 
1 6 2 70 68 
7 6 2 70 76 
4 6 2 80 81 
8 6 2 80 86 
6 6 2 80 84 
3 6 2 70 71 
1 6 2 80 79 
7 6 2 80 85 
8 6 2 90 97 
6 6 2 100 106 
3 6 2 90 91 
1 6 2 90 89 
7 6 2 90 96 
3 6 2 100 105 
7 6 2 100 108 


# From 5 to 2
6 6 3 10 8 
1 6 3 30 23 
6 6 3 20 19 
1 6 3 50 46 
4 6 3 20 16 
6 6 3 60 64 
1 6 3 60 56 
4 6 3 70 73 
8 6 3 60 66 
6 6 3 70 75 
1 6 3 70 68 
7 6 3 70 76 
4 6 3 80 82 
8 6 3 80 87 
6 6 3 80 84 
1 6 3 80 79 
7 6 3 90 96 
8 6 3 90 97 
1 6 3 90 90 


# From 5 to 3
6 6 4 10 8 
1 6 4 10 1 
6 6 4 20 19 
1 6 4 30 23 
6 6 4 40 41 
3 6 4 30 27 
1 6 4 50 47 
6 6 4 60 64 
3 6 4 40 36 
1 6 4 60 56 
8 6 4 70 77 
6 6 4 70 75 
5 6 4 40 40 
3 6 4 50 50 
3 6 4 60 60 
1 6 4 80 78 
8 6 4 80 88 
6 6 4 80 84 
5 6 4 50 52 
3 6 4 70 70 
8 6 4 90 98 
5 6 4 90 93 
3 6 4 80 80 


# From 5 to 4
6 6 5 10 8 
1 6 5 30 23 
6 6 5 20 19 
3 6 5 40 36 
1 6 5 50 48 
4 6 5 20 16 
6 6 5 40 41 
3 6 5 60 61 
1 6 5 60 56 
4 6 5 60 63 
6 6 5 60 64 
3 6 5 70 70 
1 6 5 70 67 
4 6 5 70 72 
8 6 5 60 66 
6 6 5 70 75 
3 6 5 100 104 
1 6 5 80 79 
4 6 5 80 82 
8 6 5 70 77 
6 6 5 100 107 
8 6 5 90 98 
1 6 5 90 90 
7 6 5 100 109 


# From 5 to 6
6 6 7 10 8 
1 6 7 30 23 
6 6 7 20 19 
3 6 7 40 37 
1 6 7 50 46 
4 6 7 20 16 
6 6 7 40 41 
3 6 7 50 49 
1 6 7 60 56 
4 6 7 70 73 
6 6 7 60 64 
3 6 7 60 62 
1 6 7 70 68 
4 6 7 80 82 
8 6 7 60 66 
6 6 7 70 75 
3 6 7 90 92 
1 6 7 80 78 
8 6 7 70 77 
6 6 7 80 84 
3 6 7 100 105 
1 6 7 90 90 
8 6 7 80 87 
6 6 7 100 106 
8 6 7 90 97 
2 6 7 100 103 


# From 5 to 7
6 6 8 60 64 
6 6 8 70 75 
1 6 8 80 79 
6 6 8 80 84 
1 6 8 100 100 
6 6 8 100 106 
2 6 8 100 103 
7 6 8 100 110 


# From 6 to 0
7 7 1 10 9 
2 7 1 10 2 
7 7 1 30 31 
3 7 1 10 4 
2 7 1 20 12 
3 7 1 30 26 
7 7 1 50 53 
3 7 1 20 14 
2 7 1 60 58 
3 7 1 40 37 
7 7 1 60 65 
6 7 1 70 75 
2 7 1 70 69 
3 7 1 50 49 
7 7 1 70 76 
6 7 1 80 83 
2 7 1 100 101 
3 7 1 70 70 
7 7 1 90 95 
6 7 1 100 106 
3 7 1 80 80 
7 7 1 100 108 
3 7 1 90 92 
3 7 1 100 105 


# From 6 to 1
7 7 2 10 9 
7 7 2 30 30 
7 7 2 50 54 
7 7 2 60 65 
7 7 2 70 76 
3 7 2 70 71 
7 7 2 80 85 
3 7 2 90 91 
7 7 2 90 96 
3 7 2 100 105 
7 7 2 100 108 


# From 6 to 2
7 7 3 30 31 
7 7 3 40 43 
8 7 3 60 66 
7 7 3 50 53 
8 7 3 80 87 
1 7 3 50 46 
7 7 3 70 76 
8 7 3 90 97 
1 7 3 60 56 
7 7 3 90 96 
1 7 3 70 68 
1 7 3 80 79 
1 7 3 90 90 


# From 6 to 3
7 7 4 10 10 
5 7 4 10 6 
7 7 4 20 20 
5 7 4 20 18 
7 7 4 30 31 
8 7 4 30 33 
5 7 4 30 29 
3 7 4 30 27 
7 7 4 40 43 
8 7 4 70 77 
5 7 4 40 40 
3 7 4 40 36 
7 7 4 50 55 
8 7 4 80 88 
5 7 4 50 52 
3 7 4 50 50 
7 7 4 60 65 
8 7 4 90 98 
5 7 4 90 93 
3 7 4 60 60 
2 7 4 60 59 
7 7 4 70 76 
3 7 4 70 70 
2 7 4 70 69 
1 7 4 80 78 
3 7 4 80 80 
6 7 4 80 84 


# From 6 to 4
7 7 5 10 10 
7 7 5 20 20 
7 7 5 30 30 
2 7 5 30 24 
7 7 5 40 42 
2 7 5 40 35 
7 7 5 50 53 
2 7 5 60 57 
1 7 5 50 48 
7 7 5 60 65 
2 7 5 70 69 
1 7 5 60 56 
7 7 5 70 76 
1 7 5 70 67 
2 7 5 100 103 
3 7 5 60 61 
3 7 5 70 70 
7 7 5 100 109 
1 7 5 80 79 
3 7 5 100 104 
8 7 5 90 98 
1 7 5 90 90 


# From 6 to 5
7 7 6 10 10 
5 7 6 10 7 
7 7 6 30 32 
5 7 6 20 18 
7 7 6 40 42 
8 7 6 20 22 
5 7 6 40 38 
7 7 6 50 54 
8 7 6 40 44 
5 7 6 50 51 
2 7 6 60 58 
7 7 6 60 65 
8 7 6 60 66 
5 7 6 90 94 
2 7 6 100 102 
7 7 6 70 76 
3 7 6 80 80 
8 7 6 80 87 
7 7 6 80 85 
3 7 6 90 91 
8 7 6 90 99 
7 7 6 90 96 
3 7 6 100 105 
7 7 6 100 108 


# From 6 to 7
7 7 8 10 10 
5 7 8 20 18 
7 7 8 20 20 
5 7 8 30 29 
7 7 8 40 43 
5 7 8 40 40 
7 7 8 50 55 
5 7 8 50 51 
7 7 8 60 65 
2 7 8 60 59 
5 7 8 70 74 
7 7 8 100 110 
2 7 8 70 69 
5 7 8 90 94 
1 7 8 80 79 
2 7 8 100 103 
6 7 8 100 106 
1 7 8 100 100 


# From 7 to 0
8 8 1 10 11 
2 8 1 10 2 
8 8 1 20 22 
3 8 1 10 4 
2 8 1 20 12 
7 8 1 30 31 
8 8 1 40 44 
3 8 1 20 14 
2 8 1 60 58 
3 8 1 30 26 
7 8 1 50 53 
6 8 1 70 75 
8 8 1 60 66 
2 8 1 70 69 
3 8 1 40 37 
7 8 1 60 65 
6 8 1 80 83 
3 8 1 70 70 
8 8 1 70 77 
2 8 1 100 101 
3 8 1 50 49 
7 8 1 70 76 
6 8 1 100 106 
3 8 1 80 80 
4 8 1 70 73 
8 8 1 80 86 
7 8 1 90 95 
3 8 1 90 92 
4 8 1 80 82 
8 8 1 90 97 
7 8 1 100 108 
3 8 1 100 105 


# From 7 to 1
8 8 2 10 11 
8 8 2 20 22 
7 8 2 30 30 
8 8 2 60 66 
7 8 2 50 54 
3 8 2 60 62 
8 8 2 80 86 
7 8 2 60 65 
3 8 2 70 71 
8 8 2 90 97 
7 8 2 70 76 
3 8 2 90 91 
7 8 2 80 85 
3 8 2 100 105 
7 8 2 90 96 
7 8 2 100 108 


# From 7 to 2
8 8 3 10 11 
2 8 3 10 2 
8 8 3 20 22 
2 8 3 20 12 
7 8 3 30 31 
8 8 3 60 66 
2 8 3 30 25 
7 8 3 40 43 
8 8 3 80 87 
2 8 3 40 35 
7 8 3 50 53 
8 8 3 90 97 
5 8 3 40 40 
2 8 3 60 59 
1 8 3 50 46 
7 8 3 70 76 
5 8 3 50 51 
2 8 3 70 69 
1 8 3 60 56 
7 8 3 90 96 
5 8 3 70 74 
1 8 3 70 68 
1 8 3 80 79 
1 8 3 90 90 


# From 7 to 3
8 8 4 30 33 
8 8 4 70 77 
8 8 4 80 88 
8 8 4 90 98 
5 8 4 90 93 


# From 7 to 4
8 8 5 10 11 
2 8 5 20 13 
8 8 5 20 21 
7 8 5 20 20 
2 8 5 30 24 
8 8 5 30 33 
7 8 5 30 30 
2 8 5 40 35 
4 8 5 60 63 
8 8 5 40 44 
7 8 5 40 42 
2 8 5 60 57 
4 8 5 70 72 
6 8 5 40 41 
8 8 5 60 66 
7 8 5 50 53 
2 8 5 70 69 
4 8 5 80 82 
6 8 5 60 64 
3 8 5 60 61 
8 8 5 70 77 
1 8 5 50 48 
7 8 5 60 65 
1 8 5 70 67 
2 8 5 100 103 
7 8 5 100 109 
6 8 5 70 75 
3 8 5 70 70 
8 8 5 90 98 
1 8 5 60 56 
7 8 5 70 76 
1 8 5 80 79 
6 8 5 100 107 
3 8 5 100 104 
1 8 5 90 90 


# From 7 to 5
8 8 6 10 11 
2 8 6 10 3 
8 8 6 20 22 
2 8 6 20 13 
7 8 6 30 32 
8 8 6 40 44 
2 8 6 30 24 
7 8 6 40 42 
8 8 6 60 66 
5 8 6 40 38 
2 8 6 40 35 
7 8 6 50 54 
3 8 6 80 80 
8 8 6 80 87 
5 8 6 50 51 
2 8 6 60 58 
7 8 6 60 65 
3 8 6 90 91 
8 8 6 90 99 
5 8 6 90 94 
2 8 6 100 102 
7 8 6 70 76 
3 8 6 100 105 
7 8 6 80 85 
7 8 6 100 108 
7 8 6 90 96 


# From 7 to 6
8 8 7 10 11 
2 8 7 10 2 
8 8 7 20 22 
3 8 7 20 15 
2 8 7 20 13 
8 8 7 30 33 
3 8 7 40 37 
2 8 7 30 24 
4 8 7 70 73 
8 8 7 60 66 
3 8 7 50 49 
5 8 7 30 28 
2 8 7 40 35 
4 8 7 80 82 
3 8 7 60 62 
8 8 7 70 77 
5 8 7 40 39 
2 8 7 60 59 
3 8 7 90 92 
8 8 7 80 87 
5 8 7 50 52 
2 8 7 70 69 
3 8 7 100 105 
8 8 7 90 97 
5 8 7 70 74 
1 8 7 70 68 
2 8 7 100 103 
5 8 7 90 94 
1 8 7 80 78 
6 8 7 100 106 
1 8 7 90 90 


