
current time: 80

------------------------------------------- BUNDLE -------------------------------------------

Destination     SenderNode      Size            Deadline        Bundle EVC      DlvConfidence
4               0               0               9000060         36              1.00
PriorityLevel   Ordinal         Critical        ReturnToSender  Probe           Fragmentable
Normal          0               no              no              no              no

Excluded neighbors: 

----------------------------------------------------------------------------------------------

----------------------------------------------------- CONTACTS GRAPH -----------------------------------------------------
Time: 80
Region          FromNode        ToNode          FromTime        ToTime          XmitRate        Confidence      Citations
1               1               4               80              100             1000            1.00            0
1               1               5               80              100             1000            1.00            0
1               2               6               100             120             1000            1.00            0
1               3               1               120             140             1000            1.00            0
1               4               8               100             120             1000            1.00            0
1               4               10              80              100             1000            1.00            0
1               4               10              120             140             1000            1.00            0
1               5               1               80              100             1000            1.00            0
1               5               11              80              100             1000            1.00            0
1               5               12              80              100             1000            1.00            0
1               5               15              80              100             1000            1.00            0
1               5               15              120             140             1000            1.00            0
1               5               15              160             180             1000            1.00            0
1               6               10              60              120             1000            1.00            0
1               6               13              80              100             1000            1.00            0
1               6               13              120             140             1000            1.00            0
1               6               13              160             180             1000            1.00            0
1               7               3               60              90              1000            1.00            0
1               7               13              80              100             1000            1.00            0
1               7               13              120             140             1000            1.00            0
1               7               13              160             180             1000            1.00            0
1               8               12              120             120             1000            1.00            0
1               8               14              80              100             1000            1.00            0
1               8               14              120             140             1000            1.00            0
1               8               14              160             180             1000            1.00            0
1               9               15              80              100             1000            1.00            0
1               9               15              120             140             1000            1.00            0
1               9               15              160             180             1000            1.00            0
1               10              2               100             120             1000            1.00            0
1               10              8               100             120             1000            1.00            0
1               10              14              80              100             1000            1.00            0
1               10              14              120             140             1000            1.00            0
1               10              14              160             180             1000            1.00            0
1               11              3               80              100             1000            1.00            0
1               11              7               100             120             1000            1.00            0
1               12              4               120             140             1000            1.00            0
1               12              4               140             160             1000            1.00            0
1               13              6               80              100             1000            1.00            0
1               13              6               120             140             1000            1.00            0
1               13              6               160             180             1000            1.00            0
1               13              7               80              100             1000            1.00            0
1               13              7               120             140             1000            1.00            0
1               13              7               160             180             1000            1.00            0
1               14              8               80              100             1000            1.00            0
1               14              8               120             140             1000            1.00            0
1               14              8               160             180             1000            1.00            0
1               14              10              80              100             1000            1.00            0
1               14              10              120             140             1000            1.00            0
1               14              10              160             180             1000            1.00            0
1               15              5               80              100             1000            1.00            0
1               15              5               120             140             1000            1.00            0
1               15              5               160             180             1000            1.00            0
1               15              9               80              100             1000            1.00            0
1               15              9               120             140             1000            1.00            0
1               15              9               160             180             1000            1.00            0

--------------------------------------------------------------------------------------------------------------------------

---------------------------- RANGES GRAPH ----------------------------
Time: 80
FromNode        ToNode          FromTime        ToTime          OWLT
1               4               80              100             0
1               5               80              100             0
2               6               100             120             0
3               1               120             140             0
4               8               100             120             0
4               10              80              100             0
4               10              120             140             0
5               1               80              100             0
5               11              80              100             0
5               12              80              100             0
5               15              80              100             0
5               15              120             140             0
5               15              160             180             0
6               10              60              120             0
6               13              80              100             0
6               13              120             140             0
6               13              160             180             0
7               3               60              90              0
7               13              80              100             0
7               13              120             140             0
7               13              160             180             0
8               12              120             120             0
8               14              80              100             0
8               14              120             140             0
8               14              160             180             0
9               15              80              100             0
9               15              120             140             0
9               15              160             180             0
10              2               100             120             0
10              8               100             120             0
10              14              80              100             0
10              14              120             140             0
10              14              160             180             0
11              3               80              100             0
11              7               100             120             0
12              4               120             140             0
12              4               140             160             0
13              6               80              100             0
13              6               120             140             0
13              6               160             180             0
13              7               80              100             0
13              7               120             140             0
13              7               160             180             0
14              8               80              100             0
14              8               120             140             0
14              8               160             180             0
14              10              80              100             0
14              10              120             140             0
14              10              160             180             0
15              5               80              100             0
15              5               120             140             0
15              5               160             180             0
15              9               80              100             0
15              9               120             140             0
15              9               160             180             0

----------------------------------------------------------------------

--------------------------------------------------------- PHASE ONE: COMPUTED ROUTES ----------------------------------------------------------

0 computed routes.

-----------------------------------------------------------------------------------------------------------------------------------------------

--------------------------------------------------------- PHASE TWO: CANDIDATE ROUTES ---------------------------------------------------------

0 candidate routes.

-----------------------------------------------------------------------------------------------------------------------------------------------

------------ PHASE THREE: BEST ROUTES ------------

0 best routes.

--------------------------------------------------
