# From 0 to 1
1 1 2 10 1 
8 1 2 10 10 
1 1 2 20 12 
4 1 2 20 18 
8 1 2 30 33 
3 1 2 20 16 
1 1 2 30 24 
7 1 2 20 21 
4 1 2 40 36 
5 1 2 40 39 
8 1 2 40 42 
3 1 2 50 48 
1 1 2 40 34 
7 1 2 30 31 
4 1 2 50 49 
5 1 2 70 74 
8 1 2 50 55 
7 1 2 50 52 
3 1 2 70 70 
1 1 2 50 45 
7 1 2 40 41 
6 1 2 50 51 
4 1 2 70 73 
5 1 2 80 85 
8 1 2 70 77 
7 1 2 60 65 
3 1 2 90 92 
1 1 2 60 56 
6 1 2 70 76 
4 1 2 80 84 
5 1 2 90 94 
8 1 2 100 109 
7 1 2 80 87 
3 1 2 100 105 
1 1 2 70 67 
6 1 2 90 96 
4 1 2 100 107 
1 1 2 100 101 
5 1 2 100 108 
7 1 2 90 97 
1 1 2 80 78 


# From 0 to 2
1 1 3 20 12 
1 1 3 30 23 
1 1 3 40 34 
5 1 3 40 39 
1 1 3 50 45 
2 1 3 50 47 
5 1 3 60 63 
1 1 3 60 56 
7 1 3 50 53 
2 1 3 70 68 
7 1 3 60 65 
5 1 3 70 74 
4 1 3 70 73 
1 1 3 80 78 
8 1 3 50 54 
2 1 3 90 90 
7 1 3 80 87 
5 1 3 80 85 
4 1 3 80 82 
1 1 3 100 100 
8 1 3 70 77 
2 1 3 100 103 
7 1 3 90 97 
5 1 3 90 94 
4 1 3 90 93 
8 1 3 80 88 
6 1 3 90 96 
5 1 3 100 108 
4 1 3 100 107 
8 1 3 100 110 


# From 0 to 3
1 1 4 30 24 
1 1 4 50 46 
1 1 4 60 56 
1 1 4 80 79 
5 1 4 80 85 
1 1 4 100 101 
5 1 4 90 94 
5 1 4 100 108 


# From 0 to 4
1 1 5 10 1 
8 1 5 10 10 
1 1 5 20 13 
4 1 5 20 18 
8 1 5 30 33 
1 1 5 30 25 
7 1 5 20 21 
4 1 5 30 27 
8 1 5 40 42 
1 1 5 40 34 
2 1 5 20 14 
7 1 5 30 32 
4 1 5 40 37 
8 1 5 50 55 
1 1 5 50 45 
2 1 5 30 26 
7 1 5 40 41 
4 1 5 60 61 
7 1 5 50 52 
8 1 5 70 77 
2 1 5 60 59 
1 1 5 80 79 
4 1 5 70 72 
7 1 5 60 66 
8 1 5 90 98 
2 1 5 70 68 
1 1 5 90 89 
4 1 5 80 82 
7 1 5 80 86 
8 1 5 100 110 
3 1 5 70 71 
2 1 5 90 91 
1 1 5 100 100 
4 1 5 90 93 
7 1 5 90 97 
3 1 5 100 106 
3 1 5 80 80 
2 1 5 100 103 
4 1 5 100 107 
6 1 5 90 96 
3 1 5 90 92 


# From 0 to 5
1 1 6 10 1 
8 1 6 10 11 
1 1 6 20 12 
8 1 6 40 44 
3 1 6 20 16 
1 1 6 30 24 
8 1 6 50 54 
4 1 6 20 18 
3 1 6 40 35 
4 1 6 40 38 
1 1 6 50 46 
3 1 6 60 60 
8 1 6 70 77 
7 1 6 20 21 
4 1 6 50 49 
1 1 6 70 67 
3 1 6 70 71 
4 1 6 70 72 
8 1 6 80 88 
2 1 6 20 15 
7 1 6 30 31 
4 1 6 60 61 
1 1 6 80 79 
3 1 6 80 81 
4 1 6 80 83 
7 1 6 80 87 
8 1 6 90 99 
2 1 6 30 26 
7 1 6 40 41 
5 1 6 80 85 
1 1 6 90 89 
3 1 6 90 92 
4 1 6 90 93 
7 1 6 90 97 
2 1 6 50 47 
7 1 6 50 52 
5 1 6 90 95 
2 1 6 60 58 
7 1 6 60 64 
2 1 6 70 68 
2 1 6 90 91 


# From 0 to 6
1 1 7 10 1 
8 1 7 10 10 
1 1 7 20 12 
4 1 7 20 18 
8 1 7 30 33 
3 1 7 20 16 
1 1 7 30 25 
4 1 7 30 27 
5 1 7 40 39 
8 1 7 40 42 
3 1 7 50 48 
1 1 7 40 34 
4 1 7 40 36 
2 1 7 50 47 
5 1 7 60 63 
8 1 7 50 55 
3 1 7 70 70 
1 1 7 50 45 
4 1 7 60 62 
2 1 7 60 59 
5 1 7 70 75 
8 1 7 80 88 
2 1 7 70 69 
3 1 7 90 92 
1 1 7 60 56 
4 1 7 70 73 
5 1 7 80 85 
8 1 7 90 99 
2 1 7 90 91 
1 1 7 70 67 
4 1 7 80 84 
6 1 7 70 76 
1 1 7 80 78 


# From 0 to 7
1 1 8 10 1 
1 1 8 20 13 
1 1 8 30 25 
1 1 8 50 45 
2 1 8 50 47 
1 1 8 60 57 
7 1 8 50 53 
2 1 8 70 69 
1 1 8 70 67 
7 1 8 60 65 
2 1 8 90 91 
6 1 8 70 76 
1 1 8 80 78 
7 1 8 80 87 
2 1 8 100 103 
6 1 8 90 96 
3 1 8 90 92 
1 1 8 100 101 
7 1 8 90 97 
3 1 8 100 105 
4 1 8 100 107 


# From 1 to 0
2 2 1 10 2 
7 2 1 10 9 
2 2 1 20 15 
3 2 1 10 4 
7 2 1 20 22 
6 2 1 20 20 
2 2 1 30 26 
3 2 1 20 16 
4 2 1 20 17 
7 2 1 40 41 
6 2 1 30 28 
2 2 1 50 47 
3 2 1 50 48 
4 2 1 60 61 
7 2 1 50 52 
6 2 1 50 50 
2 2 1 60 58 
3 2 1 70 71 
4 2 1 70 72 
7 2 1 60 64 
6 2 1 70 76 
2 2 1 70 68 
3 2 1 80 80 
4 2 1 80 82 
7 2 1 80 86 
8 2 1 70 77 
6 2 1 90 96 
2 2 1 90 91 
5 2 1 80 85 
3 2 1 90 92 
4 2 1 90 93 
7 2 1 90 97 
8 2 1 80 88 
8 2 1 90 98 
2 2 1 100 102 
5 2 1 90 94 
3 2 1 100 104 
4 2 1 100 107 
8 2 1 100 110 
5 2 1 100 108 


# From 1 to 2
2 2 3 10 2 
7 2 3 10 9 
2 2 3 20 15 
7 2 3 20 22 
6 2 3 20 20 
2 2 3 30 26 
4 2 3 20 17 
7 2 3 30 32 
6 2 3 30 28 
1 2 3 30 23 
2 2 3 50 47 
1 2 3 20 12 
4 2 3 30 27 
8 2 3 40 43 
7 2 3 50 53 
6 2 3 50 51 
1 2 3 40 34 
2 2 3 70 68 
4 2 3 40 36 
8 2 3 50 54 
7 2 3 60 65 
6 2 3 70 76 
5 2 3 40 39 
1 2 3 50 45 
2 2 3 90 90 
4 2 3 70 73 
8 2 3 70 77 
7 2 3 80 87 
6 2 3 90 96 
5 2 3 60 63 
1 2 3 60 56 
2 2 3 100 103 
4 2 3 80 82 
8 2 3 80 88 
7 2 3 90 97 
1 2 3 100 100 
5 2 3 70 74 
1 2 3 80 78 
4 2 3 90 93 
8 2 3 100 110 
5 2 3 80 85 
5 2 3 90 94 
4 2 3 100 107 
5 2 3 100 108 


# From 1 to 3
2 2 4 10 2 
7 2 4 20 22 
2 2 4 20 15 
7 2 4 30 31 
6 2 4 20 20 
2 2 4 30 26 
7 2 4 40 41 
6 2 4 30 28 
1 2 4 30 24 
2 2 4 50 47 
1 2 4 50 46 
7 2 4 50 52 
6 2 4 50 50 
2 2 4 60 58 
1 2 4 60 56 
7 2 4 60 65 
6 2 4 70 76 
2 2 4 70 68 
1 2 4 80 79 
7 2 4 80 87 
8 2 4 70 77 
6 2 4 90 96 
3 2 4 70 71 
2 2 4 90 90 
5 2 4 80 85 
1 2 4 100 101 
3 2 4 80 80 
7 2 4 90 97 
8 2 4 80 88 
3 2 4 100 105 
2 2 4 100 103 
5 2 4 90 94 
8 2 4 90 98 
5 2 4 100 108 
8 2 4 100 110 


# From 1 to 4
2 2 5 20 14 
2 2 5 30 26 
1 2 5 30 25 
2 2 5 60 59 
8 2 5 30 33 
1 2 5 40 34 
2 2 5 70 68 
8 2 5 40 42 
1 2 5 50 45 
3 2 5 70 71 
2 2 5 90 91 
8 2 5 50 55 
1 2 5 80 79 
4 2 5 70 72 
3 2 5 80 80 
8 2 5 90 98 
2 2 5 100 103 
7 2 5 50 52 
8 2 5 70 77 
1 2 5 90 89 
4 2 5 80 82 
3 2 5 90 92 
8 2 5 100 110 
3 2 5 100 106 
7 2 5 60 66 
1 2 5 100 100 
4 2 5 90 93 
7 2 5 80 86 
4 2 5 100 107 
7 2 5 90 97 
6 2 5 90 96 


# From 1 to 5
2 2 6 10 2 
7 2 6 10 9 
2 2 6 20 15 
3 2 6 10 6 
7 2 6 20 21 
2 2 6 30 26 
3 2 6 20 16 
7 2 6 30 31 
1 2 6 30 24 
2 2 6 50 47 
4 2 6 20 18 
3 2 6 40 35 
4 2 6 40 38 
7 2 6 40 41 
1 2 6 50 46 
7 2 6 50 52 
2 2 6 60 58 
3 2 6 60 60 
4 2 6 50 49 
1 2 6 70 67 
7 2 6 60 64 
4 2 6 60 61 
2 2 6 70 68 
3 2 6 70 71 
1 2 6 80 79 
7 2 6 80 87 
4 2 6 70 72 
2 2 6 90 91 
3 2 6 80 81 
5 2 6 80 85 
1 2 6 90 89 
7 2 6 90 97 
4 2 6 80 83 
8 2 6 90 99 
3 2 6 90 92 
5 2 6 90 95 
4 2 6 90 93 


# From 1 to 6
2 2 7 10 2 
2 2 7 20 15 
6 2 7 20 20 
2 2 7 50 47 
6 2 7 30 30 
2 2 7 60 59 
6 2 7 50 51 
5 2 7 60 63 
2 2 7 70 69 
6 2 7 70 76 
5 2 7 70 75 
8 2 7 80 88 
2 2 7 90 91 
5 2 7 80 85 
8 2 7 90 99 
4 2 7 80 84 


# From 1 to 7
2 2 8 10 3 
2 2 8 20 15 
6 2 8 20 20 
2 2 8 30 26 
7 2 8 20 22 
6 2 8 30 30 
1 2 8 30 25 
2 2 8 50 47 
4 2 8 20 17 
7 2 8 30 32 
6 2 8 50 51 
1 2 8 50 45 
7 2 8 50 53 
2 2 8 70 69 
1 2 8 20 13 
4 2 8 30 27 
6 2 8 70 76 
1 2 8 60 57 
7 2 8 60 65 
2 2 8 90 91 
4 2 8 40 36 
6 2 8 90 96 
1 2 8 70 67 
7 2 8 80 87 
2 2 8 100 103 
4 2 8 60 61 
1 2 8 100 101 
1 2 8 80 78 
3 2 8 90 92 
7 2 8 90 97 
3 2 8 100 105 
4 2 8 70 73 
4 2 8 100 107 
4 2 8 80 84 


# From 2 to 0
3 3 1 10 4 
3 3 1 20 16 
4 3 1 20 17 
3 3 1 50 48 
4 3 1 60 61 
7 3 1 50 52 
3 3 1 70 71 
4 3 1 70 72 
7 3 1 60 64 
3 3 1 80 80 
4 3 1 80 82 
7 3 1 80 86 
5 3 1 80 85 
3 3 1 90 92 
4 3 1 90 93 
7 3 1 90 97 
5 3 1 90 94 
8 3 1 90 98 
3 3 1 100 104 
4 3 1 100 107 
6 3 1 90 96 
5 3 1 100 108 
8 3 1 100 110 


# From 2 to 1
3 3 2 10 5 
5 3 2 10 8 
3 3 2 20 16 
4 3 2 20 18 
5 3 2 20 19 
3 3 2 50 48 
7 3 2 20 21 
4 3 2 40 36 
1 3 2 20 12 
5 3 2 40 39 
7 3 2 50 52 
3 3 2 70 70 
7 3 2 30 31 
4 3 2 50 49 
1 3 2 30 24 
5 3 2 70 74 
1 3 2 50 45 
7 3 2 60 65 
3 3 2 90 92 
7 3 2 40 41 
6 3 2 50 51 
4 3 2 70 73 
1 3 2 40 34 
5 3 2 80 85 
1 3 2 60 56 
7 3 2 80 87 
8 3 2 100 109 
3 3 2 100 105 
6 3 2 70 76 
4 3 2 80 84 
5 3 2 90 94 
1 3 2 70 67 
7 3 2 90 97 
4 3 2 100 107 
8 3 2 70 77 
6 3 2 90 96 
1 3 2 100 101 
5 3 2 100 108 
1 3 2 80 78 


# From 2 to 3
3 3 4 10 5 
5 3 4 10 8 
3 3 4 20 16 
5 3 4 20 19 
3 3 4 50 48 
1 3 4 30 24 
5 3 4 40 40 
7 3 4 50 52 
3 3 4 70 71 
1 3 4 50 46 
5 3 4 60 63 
7 3 4 60 65 
3 3 4 80 80 
1 3 4 60 56 
5 3 4 80 85 
2 3 4 60 58 
7 3 4 80 87 
3 3 4 100 105 
1 3 4 80 79 
5 3 4 90 94 
2 3 4 70 68 
7 3 4 90 97 
1 3 4 100 101 
5 3 4 100 108 
2 3 4 90 90 
6 3 4 90 96 
2 3 4 100 103 


# From 2 to 4
3 3 5 10 5 
3 3 5 20 16 
4 3 5 20 18 
3 3 5 50 48 
7 3 5 20 21 
4 3 5 30 27 
7 3 5 50 52 
3 3 5 70 71 
2 3 5 20 14 
7 3 5 30 32 
8 3 5 30 33 
4 3 5 40 37 
1 3 5 50 45 
7 3 5 60 66 
4 3 5 70 72 
3 3 5 80 80 
2 3 5 30 26 
7 3 5 40 41 
8 3 5 40 42 
4 3 5 60 61 
2 3 5 60 59 
1 3 5 80 79 
7 3 5 80 86 
4 3 5 80 82 
3 3 5 90 92 
1 3 5 30 25 
1 3 5 40 34 
8 3 5 50 55 
2 3 5 70 68 
1 3 5 90 89 
7 3 5 90 97 
4 3 5 90 93 
8 3 5 90 98 
3 3 5 100 106 
8 3 5 70 77 
2 3 5 90 91 
1 3 5 100 100 
6 3 5 90 96 
4 3 5 100 107 
8 3 5 100 110 
2 3 5 100 103 


# From 2 to 5
3 3 6 10 6 
3 3 6 20 16 
4 3 6 20 18 
3 3 6 40 35 
7 3 6 20 21 
4 3 6 40 38 
3 3 6 60 60 
2 3 6 20 15 
7 3 6 30 31 
4 3 6 50 49 
3 3 6 70 71 
2 3 6 30 26 
7 3 6 40 41 
4 3 6 60 61 
4 3 6 70 72 
3 3 6 80 81 
1 3 6 30 24 
2 3 6 50 47 
1 3 6 50 46 
7 3 6 50 52 
1 3 6 70 67 
4 3 6 80 83 
3 3 6 90 92 
2 3 6 60 58 
7 3 6 60 64 
1 3 6 80 79 
4 3 6 90 93 
8 3 6 90 99 
2 3 6 70 68 
7 3 6 80 87 
5 3 6 80 85 
1 3 6 90 89 
5 3 6 90 95 
7 3 6 90 97 
2 3 6 90 91 


# From 2 to 6
3 3 7 10 5 
5 3 7 10 8 
3 3 7 20 16 
4 3 7 20 18 
5 3 7 20 19 
3 3 7 50 48 
4 3 7 30 27 
1 3 7 20 12 
5 3 7 40 39 
3 3 7 70 70 
8 3 7 30 33 
4 3 7 40 36 
1 3 7 30 25 
2 3 7 50 47 
5 3 7 60 63 
2 3 7 70 69 
3 3 7 90 92 
8 3 7 40 42 
4 3 7 60 62 
1 3 7 40 34 
2 3 7 60 59 
5 3 7 70 75 
8 3 7 80 88 
2 3 7 90 91 
8 3 7 90 99 
8 3 7 50 55 
4 3 7 70 73 
1 3 7 50 45 
5 3 7 80 85 
4 3 7 80 84 
1 3 7 60 56 
1 3 7 70 67 
6 3 7 70 76 
1 3 7 80 78 


# From 2 to 7
3 3 8 10 4 
1 3 8 10 1 
3 3 8 20 16 
1 3 8 20 13 
4 3 8 20 17 
3 3 8 50 48 
1 3 8 30 25 
4 3 8 30 27 
7 3 8 50 53 
3 3 8 70 70 
1 3 8 50 45 
4 3 8 40 36 
7 3 8 60 65 
2 3 8 70 69 
3 3 8 90 92 
2 3 8 50 47 
1 3 8 60 57 
4 3 8 60 61 
7 3 8 80 87 
2 3 8 90 91 
3 3 8 100 105 
1 3 8 70 67 
4 3 8 70 73 
7 3 8 90 97 
2 3 8 100 103 
4 3 8 100 107 
6 3 8 70 76 
1 3 8 80 78 
4 3 8 80 84 
6 3 8 90 96 
1 3 8 100 101 


# From 3 to 0
4 4 1 20 17 
4 4 1 60 61 
4 4 1 70 72 
4 4 1 80 82 
4 4 1 90 93 
5 4 1 90 94 
4 4 1 100 107 
5 4 1 100 108 
8 4 1 100 110 
3 4 1 100 104 


# From 3 to 1
4 4 2 20 18 
7 4 2 20 21 
4 4 2 40 36 
7 4 2 30 31 
4 4 2 50 49 
7 4 2 40 41 
6 4 2 50 51 
4 4 2 70 73 
1 4 2 40 34 
7 4 2 50 52 
6 4 2 70 76 
4 4 2 80 84 
5 4 2 40 39 
1 4 2 50 45 
7 4 2 60 65 
8 4 2 70 77 
6 4 2 90 96 
8 4 2 100 109 
4 4 2 100 107 
5 4 2 70 74 
1 4 2 60 56 
7 4 2 80 87 
1 4 2 100 101 
5 4 2 80 85 
1 4 2 70 67 
3 4 2 90 92 
7 4 2 90 97 
5 4 2 90 94 
1 4 2 80 78 
3 4 2 100 105 
5 4 2 100 108 


# From 3 to 2
4 4 3 20 17 
1 4 3 20 12 
4 4 3 30 27 
1 4 3 30 23 
8 4 3 40 43 
4 4 3 40 36 
1 4 3 40 34 
8 4 3 50 54 
2 4 3 50 47 
4 4 3 70 73 
5 4 3 40 39 
1 4 3 50 45 
8 4 3 70 77 
7 4 3 50 53 
2 4 3 70 68 
4 4 3 80 82 
5 4 3 60 63 
1 4 3 60 56 
8 4 3 80 88 
7 4 3 60 65 
2 4 3 90 90 
1 4 3 80 78 
4 4 3 90 93 
5 4 3 70 74 
7 4 3 80 87 
8 4 3 100 110 
2 4 3 100 103 
1 4 3 100 100 
5 4 3 90 94 
4 4 3 100 107 
5 4 3 80 85 
7 4 3 90 97 
5 4 3 100 108 
6 4 3 90 96 


# From 3 to 4
4 4 5 20 18 
7 4 5 20 21 
4 4 5 30 27 
2 4 5 20 14 
7 4 5 30 32 
8 4 5 30 33 
4 4 5 40 37 
2 4 5 30 26 
7 4 5 40 41 
8 4 5 40 42 
4 4 5 60 61 
1 4 5 30 25 
2 4 5 60 59 
1 4 5 40 34 
7 4 5 50 52 
8 4 5 50 55 
1 4 5 80 79 
4 4 5 70 72 
2 4 5 70 68 
1 4 5 50 45 
7 4 5 60 66 
8 4 5 70 77 
1 4 5 90 89 
4 4 5 80 82 
3 4 5 70 71 
2 4 5 90 91 
7 4 5 80 86 
8 4 5 90 98 
1 4 5 100 100 
4 4 5 90 93 
3 4 5 80 80 
2 4 5 100 103 
7 4 5 90 97 
8 4 5 100 110 
3 4 5 100 106 
4 4 5 100 107 
3 4 5 90 92 
6 4 5 90 96 


# From 3 to 5
4 4 6 20 18 
7 4 6 20 21 
4 4 6 40 38 
2 4 6 20 15 
7 4 6 30 31 
4 4 6 50 49 
2 4 6 30 26 
7 4 6 40 41 
4 4 6 60 61 
1 4 6 30 24 
2 4 6 50 47 
1 4 6 50 46 
7 4 6 50 52 
1 4 6 70 67 
4 4 6 70 72 
2 4 6 60 58 
7 4 6 60 64 
1 4 6 80 79 
4 4 6 80 83 
2 4 6 70 68 
7 4 6 80 87 
5 4 6 80 85 
1 4 6 90 89 
4 4 6 90 93 
3 4 6 70 71 
2 4 6 90 91 
3 4 6 80 81 
7 4 6 90 97 
5 4 6 90 95 
8 4 6 90 99 
3 4 6 90 92 


# From 3 to 6
4 4 7 20 18 
4 4 7 30 27 
8 4 7 30 33 
4 4 7 40 36 
5 4 7 40 39 
8 4 7 40 42 
2 4 7 50 47 
4 4 7 60 62 
5 4 7 60 63 
1 4 7 40 34 
8 4 7 50 55 
2 4 7 60 59 
4 4 7 70 73 
5 4 7 70 75 
1 4 7 50 45 
8 4 7 80 88 
2 4 7 70 69 
4 4 7 80 84 
5 4 7 80 85 
1 4 7 60 56 
8 4 7 90 99 
2 4 7 90 91 
1 4 7 70 67 
6 4 7 70 76 
1 4 7 80 78 
3 4 7 90 92 


# From 3 to 7
4 4 8 20 17 
1 4 8 20 13 
4 4 8 30 27 
1 4 8 30 25 
4 4 8 40 36 
1 4 8 50 45 
2 4 8 50 47 
4 4 8 60 61 
1 4 8 60 57 
7 4 8 50 53 
2 4 8 70 69 
4 4 8 70 73 
1 4 8 70 67 
7 4 8 60 65 
2 4 8 90 91 
4 4 8 80 84 
6 4 8 70 76 
1 4 8 80 78 
7 4 8 80 87 
2 4 8 100 103 
4 4 8 100 107 
6 4 8 90 96 
3 4 8 90 92 
1 4 8 100 101 
7 4 8 90 97 
3 4 8 100 105 


# From 4 to 0
5 5 1 10 7 
3 5 1 10 4 
5 5 1 20 19 
3 5 1 20 16 
5 5 1 40 40 
4 5 1 20 17 
3 5 1 50 48 
4 5 1 60 61 
5 5 1 60 63 
7 5 1 50 52 
3 5 1 70 71 
4 5 1 70 72 
7 5 1 60 64 
5 5 1 80 85 
3 5 1 80 80 
4 5 1 80 82 
7 5 1 80 86 
5 5 1 90 94 
3 5 1 90 92 
4 5 1 90 93 
7 5 1 90 97 
5 5 1 100 108 
8 5 1 90 98 
3 5 1 100 104 
4 5 1 100 107 
6 5 1 90 96 
8 5 1 100 110 


# From 4 to 1
5 5 2 10 8 
4 5 2 20 18 
5 5 2 20 19 
7 5 2 20 21 
4 5 2 40 36 
1 5 2 20 12 
5 5 2 40 39 
7 5 2 30 31 
4 5 2 50 49 
3 5 2 20 16 
1 5 2 30 24 
5 5 2 70 74 
7 5 2 40 41 
6 5 2 50 51 
4 5 2 70 73 
3 5 2 50 48 
1 5 2 40 34 
5 5 2 80 85 
7 5 2 50 52 
6 5 2 70 76 
4 5 2 80 84 
3 5 2 70 70 
1 5 2 50 45 
5 5 2 90 94 
7 5 2 60 65 
8 5 2 70 77 
6 5 2 90 96 
8 5 2 100 109 
4 5 2 100 107 
3 5 2 90 92 
1 5 2 60 56 
1 5 2 100 101 
5 5 2 100 108 
7 5 2 80 87 
3 5 2 100 105 
1 5 2 70 67 
7 5 2 90 97 
1 5 2 80 78 


# From 4 to 2
5 5 3 10 7 
5 5 3 20 19 
1 5 3 20 12 
5 5 3 40 39 
1 5 3 30 23 
2 5 3 50 47 
5 5 3 60 63 
1 5 3 40 34 
7 5 3 50 53 
2 5 3 70 68 
7 5 3 60 65 
5 5 3 70 74 
1 5 3 50 45 
8 5 3 50 54 
2 5 3 90 90 
7 5 3 80 87 
5 5 3 80 85 
1 5 3 60 56 
8 5 3 70 77 
2 5 3 100 103 
7 5 3 90 97 
4 5 3 80 82 
5 5 3 90 94 
4 5 3 70 73 
1 5 3 80 78 
8 5 3 80 88 
6 5 3 90 96 
4 5 3 90 93 
1 5 3 100 100 
5 5 3 100 108 
8 5 3 100 110 
4 5 3 100 107 


# From 4 to 3
5 5 4 10 8 
5 5 4 20 19 
1 5 4 30 24 
5 5 4 40 40 
1 5 4 50 46 
5 5 4 60 63 
1 5 4 60 56 
7 5 4 60 65 
5 5 4 80 85 
1 5 4 80 79 
2 5 4 60 58 
7 5 4 80 87 
5 5 4 90 94 
1 5 4 100 101 
2 5 4 70 68 
3 5 4 80 80 
7 5 4 90 97 
5 5 4 100 108 
3 5 4 70 71 
2 5 4 90 90 
3 5 4 100 105 
6 5 4 90 96 
2 5 4 100 103 


# From 4 to 5
5 5 6 10 7 
3 5 6 10 6 
5 5 6 20 19 
3 5 6 20 16 
1 5 6 20 12 
5 5 6 40 40 
4 5 6 20 18 
3 5 6 40 35 
1 5 6 30 24 
4 5 6 40 38 
5 5 6 60 63 
7 5 6 20 21 
3 5 6 60 60 
1 5 6 50 46 
4 5 6 50 49 
7 5 6 60 64 
5 5 6 80 85 
2 5 6 20 15 
7 5 6 30 31 
3 5 6 70 71 
1 5 6 70 67 
4 5 6 60 61 
7 5 6 80 87 
4 5 6 80 83 
5 5 6 90 95 
2 5 6 30 26 
7 5 6 40 41 
4 5 6 70 72 
3 5 6 80 81 
1 5 6 80 79 
7 5 6 90 97 
4 5 6 90 93 
2 5 6 50 47 
7 5 6 50 52 
3 5 6 90 92 
1 5 6 90 89 
2 5 6 60 58 
8 5 6 90 99 
2 5 6 70 68 
2 5 6 90 91 


# From 4 to 6
5 5 7 10 8 
4 5 7 20 18 
5 5 7 20 19 
4 5 7 30 27 
1 5 7 20 12 
5 5 7 40 39 
8 5 7 30 33 
4 5 7 40 36 
3 5 7 20 16 
1 5 7 30 25 
2 5 7 50 47 
5 5 7 60 63 
8 5 7 40 42 
4 5 7 60 62 
3 5 7 50 48 
1 5 7 40 34 
2 5 7 60 59 
5 5 7 70 75 
8 5 7 50 55 
4 5 7 70 73 
3 5 7 70 70 
1 5 7 50 45 
2 5 7 70 69 
5 5 7 80 85 
8 5 7 80 88 
4 5 7 80 84 
3 5 7 90 92 
1 5 7 60 56 
2 5 7 90 91 
8 5 7 90 99 
1 5 7 70 67 
6 5 7 70 76 
1 5 7 80 78 


# From 4 to 7
5 5 8 10 7 
3 5 8 10 4 
5 5 8 20 19 
1 5 8 10 1 
3 5 8 20 16 
1 5 8 20 13 
5 5 8 40 39 
4 5 8 20 17 
3 5 8 50 48 
1 5 8 30 25 
2 5 8 50 47 
5 5 8 70 74 
4 5 8 30 27 
7 5 8 50 53 
3 5 8 70 70 
1 5 8 50 45 
2 5 8 70 69 
5 5 8 80 85 
4 5 8 40 36 
7 5 8 60 65 
3 5 8 90 92 
1 5 8 60 57 
2 5 8 90 91 
4 5 8 80 84 
5 5 8 90 94 
4 5 8 60 61 
7 5 8 80 87 
3 5 8 100 105 
1 5 8 70 67 
2 5 8 100 103 
4 5 8 100 107 
1 5 8 100 101 
5 5 8 100 108 
4 5 8 70 73 
7 5 8 90 97 
6 5 8 70 76 
1 5 8 80 78 
6 5 8 90 96 


# From 5 to 0
6 6 1 20 20 
7 6 1 20 22 
6 6 1 30 28 
4 6 1 20 17 
7 6 1 40 41 
6 6 1 50 50 
4 6 1 60 61 
7 6 1 50 52 
6 6 1 70 76 
4 6 1 70 72 
7 6 1 60 64 
8 6 1 70 77 
6 6 1 90 96 
4 6 1 80 82 
7 6 1 80 86 
8 6 1 80 88 
4 6 1 90 93 
7 6 1 90 97 
8 6 1 90 98 
5 6 1 90 94 
4 6 1 100 107 
8 6 1 100 110 
5 6 1 100 108 
3 6 1 100 104 


# From 5 to 1
6 6 2 20 20 
7 6 2 20 21 
6 6 2 30 28 
7 6 2 30 31 
1 6 2 30 24 
6 6 2 50 51 
4 6 2 40 36 
7 6 2 40 41 
1 6 2 40 34 
6 6 2 70 76 
4 6 2 50 49 
7 6 2 50 52 
5 6 2 40 39 
1 6 2 50 45 
8 6 2 70 77 
6 6 2 90 96 
4 6 2 70 73 
7 6 2 60 65 
5 6 2 70 74 
1 6 2 60 56 
8 6 2 100 109 
1 6 2 100 101 
4 6 2 80 84 
7 6 2 80 87 
5 6 2 80 85 
1 6 2 70 67 
4 6 2 100 107 
3 6 2 90 92 
7 6 2 90 97 
5 6 2 90 94 
1 6 2 80 78 
3 6 2 100 105 
5 6 2 100 108 


# From 5 to 2
6 6 3 20 20 
7 6 3 20 22 
6 6 3 30 28 
4 6 3 20 17 
7 6 3 30 32 
1 6 3 30 23 
6 6 3 50 51 
1 6 3 20 12 
4 6 3 30 27 
8 6 3 40 43 
7 6 3 50 53 
1 6 3 40 34 
2 6 3 50 47 
6 6 3 70 76 
4 6 3 40 36 
8 6 3 50 54 
7 6 3 60 65 
5 6 3 40 39 
1 6 3 50 45 
2 6 3 70 68 
8 6 3 70 77 
6 6 3 90 96 
4 6 3 70 73 
7 6 3 80 87 
5 6 3 60 63 
1 6 3 60 56 
2 6 3 90 90 
8 6 3 80 88 
1 6 3 100 100 
4 6 3 80 82 
7 6 3 90 97 
5 6 3 70 74 
1 6 3 80 78 
2 6 3 100 103 
8 6 3 100 110 
4 6 3 90 93 
5 6 3 80 85 
5 6 3 90 94 
4 6 3 100 107 
5 6 3 100 108 


# From 5 to 3
6 6 4 20 20 
7 6 4 20 22 
6 6 4 30 28 
7 6 4 30 31 
1 6 4 30 24 
6 6 4 50 50 
7 6 4 40 41 
1 6 4 50 46 
6 6 4 70 76 
7 6 4 50 52 
1 6 4 60 56 
8 6 4 70 77 
6 6 4 90 96 
7 6 4 60 65 
1 6 4 80 79 
8 6 4 80 88 
1 6 4 100 101 
2 6 4 60 58 
7 6 4 80 87 
5 6 4 80 85 
8 6 4 90 98 
2 6 4 70 68 
3 6 4 80 80 
7 6 4 90 97 
5 6 4 90 94 
8 6 4 100 110 
3 6 4 70 71 
2 6 4 90 90 
3 6 4 100 105 
5 6 4 100 108 
2 6 4 100 103 


# From 5 to 4
6 6 5 20 20 
7 6 5 20 21 
6 6 5 30 29 
2 6 5 20 14 
7 6 5 30 32 
6 6 5 50 51 
2 6 5 30 26 
8 6 5 30 33 
7 6 5 40 41 
2 6 5 60 59 
6 6 5 70 76 
1 6 5 30 25 
8 6 5 40 42 
1 6 5 40 34 
7 6 5 50 52 
2 6 5 70 68 
8 6 5 70 77 
6 6 5 90 96 
8 6 5 50 55 
1 6 5 50 45 
7 6 5 60 66 
3 6 5 70 71 
2 6 5 90 91 
4 6 5 70 72 
8 6 5 90 98 
1 6 5 90 89 
1 6 5 80 79 
7 6 5 80 86 
3 6 5 80 80 
2 6 5 100 103 
4 6 5 80 82 
8 6 5 100 110 
1 6 5 100 100 
7 6 5 90 97 
3 6 5 90 92 
3 6 5 100 106 
4 6 5 90 93 
4 6 5 100 107 


# From 5 to 6
6 6 7 20 20 
6 6 7 30 30 
6 6 7 50 51 
2 6 7 50 47 
6 6 7 70 76 
2 6 7 60 59 
8 6 7 80 88 
5 6 7 60 63 
2 6 7 70 69 
8 6 7 90 99 
5 6 7 70 75 
2 6 7 90 91 
5 6 7 80 85 
4 6 7 80 84 


# From 5 to 7
6 6 8 20 20 
7 6 8 20 22 
6 6 8 30 30 
4 6 8 20 17 
7 6 8 30 32 
6 6 8 50 51 
1 6 8 20 13 
4 6 8 30 27 
7 6 8 50 53 
2 6 8 50 47 
6 6 8 70 76 
1 6 8 30 25 
4 6 8 40 36 
7 6 8 60 65 
2 6 8 70 69 
6 6 8 90 96 
1 6 8 50 45 
4 6 8 60 61 
7 6 8 80 87 
2 6 8 90 91 
1 6 8 100 101 
1 6 8 60 57 
4 6 8 70 73 
3 6 8 90 92 
7 6 8 90 97 
2 6 8 100 103 
4 6 8 100 107 
1 6 8 70 67 
4 6 8 80 84 
3 6 8 100 105 
1 6 8 80 78 


# From 6 to 0
7 7 1 10 9 
3 7 1 10 4 
7 7 1 20 22 
3 7 1 20 16 
4 7 1 20 17 
7 7 1 40 41 
3 7 1 50 48 
4 7 1 60 61 
7 7 1 50 52 
3 7 1 70 71 
4 7 1 70 72 
7 7 1 60 64 
3 7 1 80 80 
4 7 1 80 82 
7 7 1 80 86 
5 7 1 80 85 
3 7 1 90 92 
4 7 1 90 93 
7 7 1 90 97 
5 7 1 90 94 
8 7 1 90 98 
3 7 1 100 104 
4 7 1 100 107 
6 7 1 90 96 
5 7 1 100 108 
8 7 1 100 110 


# From 6 to 1
7 7 2 20 21 
7 7 2 30 31 
4 7 2 40 36 
7 7 2 40 41 
4 7 2 50 49 
1 7 2 40 34 
7 7 2 50 52 
6 7 2 50 51 
4 7 2 70 73 
5 7 2 40 39 
1 7 2 50 45 
7 7 2 60 65 
6 7 2 70 76 
4 7 2 80 84 
5 7 2 70 74 
1 7 2 60 56 
7 7 2 80 87 
8 7 2 70 77 
6 7 2 90 96 
8 7 2 100 109 
4 7 2 100 107 
5 7 2 80 85 
1 7 2 70 67 
3 7 2 90 92 
7 7 2 90 97 
1 7 2 100 101 
5 7 2 90 94 
1 7 2 80 78 
3 7 2 100 105 
5 7 2 100 108 


# From 6 to 2
7 7 3 10 9 
7 7 3 20 22 
4 7 3 20 17 
7 7 3 30 32 
1 7 3 20 12 
4 7 3 30 27 
8 7 3 40 43 
7 7 3 50 53 
1 7 3 30 23 
4 7 3 40 36 
8 7 3 50 54 
7 7 3 60 65 
1 7 3 40 34 
2 7 3 50 47 
4 7 3 70 73 
8 7 3 70 77 
2 7 3 70 68 
7 7 3 80 87 
5 7 3 40 39 
1 7 3 50 45 
4 7 3 80 82 
8 7 3 80 88 
2 7 3 90 90 
7 7 3 90 97 
5 7 3 60 63 
1 7 3 60 56 
1 7 3 80 78 
4 7 3 90 93 
8 7 3 100 110 
2 7 3 100 103 
6 7 3 90 96 
5 7 3 70 74 
1 7 3 100 100 
5 7 3 90 94 
4 7 3 100 107 
5 7 3 80 85 
5 7 3 100 108 


# From 6 to 3
7 7 4 20 22 
7 7 4 30 31 
7 7 4 40 41 
1 7 4 50 46 
7 7 4 50 52 
1 7 4 60 56 
7 7 4 60 65 
1 7 4 80 79 
2 7 4 60 58 
7 7 4 80 87 
5 7 4 80 85 
1 7 4 100 101 
2 7 4 70 68 
3 7 4 80 80 
7 7 4 90 97 
5 7 4 90 94 
3 7 4 70 71 
2 7 4 90 90 
3 7 4 100 105 
6 7 4 90 96 
5 7 4 100 108 
2 7 4 100 103 


# From 6 to 4
7 7 5 20 21 
2 7 5 20 14 
7 7 5 30 32 
2 7 5 30 26 
8 7 5 30 33 
7 7 5 40 41 
1 7 5 30 25 
2 7 5 60 59 
8 7 5 40 42 
1 7 5 40 34 
7 7 5 50 52 
2 7 5 70 68 
8 7 5 50 55 
1 7 5 50 45 
7 7 5 60 66 
3 7 5 70 71 
2 7 5 90 91 
8 7 5 70 77 
1 7 5 80 79 
7 7 5 80 86 
4 7 5 70 72 
3 7 5 80 80 
8 7 5 90 98 
2 7 5 100 103 
1 7 5 90 89 
7 7 5 90 97 
4 7 5 80 82 
3 7 5 90 92 
8 7 5 100 110 
3 7 5 100 106 
1 7 5 100 100 
6 7 5 90 96 
4 7 5 90 93 
4 7 5 100 107 


# From 6 to 5
7 7 6 10 9 
3 7 6 10 6 
7 7 6 20 21 
3 7 6 20 16 
2 7 6 20 15 
7 7 6 30 31 
4 7 6 20 18 
3 7 6 40 35 
2 7 6 30 26 
4 7 6 40 38 
7 7 6 40 41 
3 7 6 60 60 
1 7 6 30 24 
2 7 6 50 47 
4 7 6 50 49 
1 7 6 50 46 
7 7 6 50 52 
3 7 6 70 71 
2 7 6 60 58 
4 7 6 60 61 
1 7 6 70 67 
7 7 6 60 64 
4 7 6 70 72 
3 7 6 80 81 
2 7 6 70 68 
1 7 6 80 79 
7 7 6 80 87 
4 7 6 80 83 
3 7 6 90 92 
2 7 6 90 91 
5 7 6 80 85 
1 7 6 90 89 
7 7 6 90 97 
4 7 6 90 93 
8 7 6 90 99 
5 7 6 90 95 


# From 6 to 7
7 7 8 10 9 
3 7 8 10 4 
7 7 8 20 22 
1 7 8 10 1 
3 7 8 20 16 
4 7 8 20 17 
7 7 8 30 32 
1 7 8 20 13 
3 7 8 50 48 
4 7 8 30 27 
7 7 8 50 53 
1 7 8 30 25 
3 7 8 70 70 
4 7 8 40 36 
7 7 8 60 65 
1 7 8 50 45 
2 7 8 70 69 
3 7 8 90 92 
2 7 8 50 47 
4 7 8 60 61 
7 7 8 80 87 
1 7 8 60 57 
2 7 8 90 91 
3 7 8 100 105 
4 7 8 70 73 
7 7 8 90 97 
1 7 8 70 67 
2 7 8 100 103 
4 7 8 100 107 
4 7 8 80 84 
6 7 8 90 96 
6 7 8 70 76 
1 7 8 80 78 
1 7 8 100 101 


# From 7 to 0
8 8 1 10 10 
4 8 1 20 17 
8 8 1 40 42 
4 8 1 60 61 
8 8 1 50 55 
4 8 1 70 72 
7 8 1 50 52 
8 8 1 70 77 
4 8 1 80 82 
7 8 1 60 64 
8 8 1 80 88 
4 8 1 90 93 
7 8 1 80 86 
8 8 1 90 98 
5 8 1 90 94 
4 8 1 100 107 
7 8 1 90 97 
8 8 1 100 110 
5 8 1 100 108 
6 8 1 90 96 
3 8 1 100 104 


# From 7 to 1
8 8 2 10 10 
4 8 2 20 18 
8 8 2 30 33 
7 8 2 20 21 
4 8 2 40 36 
5 8 2 40 39 
8 8 2 40 42 
7 8 2 30 31 
4 8 2 50 49 
5 8 2 70 74 
1 8 2 40 34 
8 8 2 50 55 
7 8 2 40 41 
6 8 2 50 51 
4 8 2 70 73 
5 8 2 80 85 
1 8 2 50 45 
7 8 2 50 52 
8 8 2 70 77 
6 8 2 70 76 
4 8 2 80 84 
5 8 2 90 94 
1 8 2 60 56 
7 8 2 60 65 
8 8 2 100 109 
6 8 2 90 96 
4 8 2 100 107 
1 8 2 100 101 
5 8 2 100 108 
1 8 2 70 67 
7 8 2 80 87 
1 8 2 80 78 
3 8 2 90 92 
7 8 2 90 97 
3 8 2 100 105 


# From 7 to 2
8 8 3 10 10 
4 8 3 20 17 
8 8 3 40 43 
1 8 3 20 12 
4 8 3 30 27 
8 8 3 50 54 
1 8 3 30 23 
4 8 3 40 36 
8 8 3 70 77 
1 8 3 40 34 
2 8 3 50 47 
4 8 3 70 73 
8 8 3 80 88 
5 8 3 40 39 
1 8 3 50 45 
7 8 3 50 53 
2 8 3 70 68 
4 8 3 80 82 
7 8 3 80 87 
8 8 3 100 110 
5 8 3 60 63 
1 8 3 60 56 
7 8 3 60 65 
2 8 3 90 90 
1 8 3 80 78 
4 8 3 90 93 
7 8 3 90 97 
5 8 3 70 74 
2 8 3 100 103 
1 8 3 100 100 
5 8 3 90 94 
4 8 3 100 107 
6 8 3 90 96 
5 8 3 80 85 
5 8 3 100 108 


# From 7 to 3
8 8 4 10 10 
8 8 4 40 42 
1 8 4 50 46 
8 8 4 50 55 
1 8 4 60 56 
7 8 4 50 52 
8 8 4 70 77 
1 8 4 80 79 
7 8 4 60 65 
8 8 4 80 88 
5 8 4 80 85 
1 8 4 100 101 
2 8 4 60 58 
7 8 4 80 87 
8 8 4 90 98 
5 8 4 90 94 
2 8 4 70 68 
3 8 4 80 80 
7 8 4 90 97 
8 8 4 100 110 
5 8 4 100 108 
3 8 4 70 71 
2 8 4 90 90 
3 8 4 100 105 
6 8 4 90 96 
2 8 4 100 103 


# From 7 to 4
8 8 5 10 10 
4 8 5 20 18 
8 8 5 30 33 
7 8 5 20 21 
4 8 5 30 27 
8 8 5 40 42 
2 8 5 20 14 
7 8 5 30 32 
4 8 5 40 37 
1 8 5 40 34 
8 8 5 50 55 
2 8 5 30 26 
7 8 5 40 41 
4 8 5 60 61 
1 8 5 50 45 
7 8 5 50 52 
8 8 5 70 77 
1 8 5 30 25 
2 8 5 60 59 
1 8 5 80 79 
4 8 5 70 72 
7 8 5 60 66 
8 8 5 90 98 
2 8 5 70 68 
1 8 5 90 89 
4 8 5 80 82 
7 8 5 80 86 
8 8 5 100 110 
3 8 5 70 71 
2 8 5 90 91 
1 8 5 100 100 
4 8 5 90 93 
7 8 5 90 97 
3 8 5 100 106 
3 8 5 80 80 
2 8 5 100 103 
4 8 5 100 107 
6 8 5 90 96 
3 8 5 90 92 


# From 7 to 5
8 8 6 10 11 
8 8 6 40 44 
8 8 6 50 54 
3 8 6 60 60 
8 8 6 70 77 
3 8 6 70 71 
4 8 6 70 72 
8 8 6 80 88 
3 8 6 80 81 
1 8 6 70 67 
4 8 6 80 83 
7 8 6 80 87 
8 8 6 90 99 
3 8 6 90 92 
1 8 6 80 79 
4 8 6 90 93 
7 8 6 90 97 
5 8 6 80 85 
1 8 6 90 89 
5 8 6 90 95 


# From 7 to 6
8 8 7 10 10 
4 8 7 20 18 
8 8 7 30 33 
4 8 7 30 27 
5 8 7 40 39 
8 8 7 40 42 
4 8 7 40 36 
2 8 7 50 47 
5 8 7 60 63 
1 8 7 40 34 
8 8 7 50 55 
4 8 7 60 62 
2 8 7 60 59 
5 8 7 70 75 
1 8 7 50 45 
8 8 7 80 88 
4 8 7 70 73 
2 8 7 70 69 
5 8 7 80 85 
1 8 7 60 56 
8 8 7 90 99 
4 8 7 80 84 
2 8 7 90 91 
1 8 7 70 67 
6 8 7 70 76 
1 8 7 80 78 
3 8 7 90 92 


