
current time: 60

------------------------------------------- BUNDLE -------------------------------------------

Destination     SenderNode      Size            Deadline        Bundle EVC      DlvConfidence
7               0               0               9000045         36              1.00
PriorityLevel   Ordinal         Critical        ReturnToSender  Probe           Fragmentable
Normal          0               no              no              no              no

Excluded neighbors: 

----------------------------------------------------------------------------------------------

----------------------------------------------------- CONTACTS GRAPH -----------------------------------------------------
Time: 60
Region          FromNode        ToNode          FromTime        ToTime          XmitRate        Confidence      Citations
1               1               2               100             120             1000            1.00            0
1               1               9               80              100             1000            1.00            0
1               1               9               140             160             1000            1.00            0
1               2               3               120             140             1000            1.00            0
1               2               12              60              80              1000            1.00            0
1               2               12              120             160             1000            1.00            0
1               3               4               140             160             1000            1.00            0
1               3               10              100             120             1000            1.00            0
1               3               10              160             180             1000            1.00            0
1               4               1               80              100             1000            1.00            0
1               4               1               160             180             1000            1.00            0
1               4               6               80              100             1000            1.00            0
1               4               6               120             140             1000            1.00            0
1               5               4               60              80              1000            1.00            0
1               6               4               80              100             1000            1.00            0
1               6               4               120             140             1000            1.00            0
1               6               7               60              80              1000            1.00            0
1               6               7               100             120             1000            1.00            0
1               7               1               100             120             1000            1.00            0
1               8               2               100             120             1000            1.00            0
1               9               1               80              100             1000            1.00            0
1               9               1               140             160             1000            1.00            0
1               9               7               80              100             1000            1.00            0
1               9               8               60              80              1000            1.00            0
1               9               8               140             160             1000            1.00            0
1               10              3               100             120             1000            1.00            0
1               10              3               160             180             1000            1.00            0
1               10              5               60              80              1000            1.00            0
1               10              11              60              80              1000            1.00            0
1               11              3               80              100             1000            1.00            0
1               12              2               60              80              1000            1.00            0
1               12              2               120             160             1000            1.00            0

--------------------------------------------------------------------------------------------------------------------------

---------------------------- RANGES GRAPH ----------------------------
Time: 60
FromNode        ToNode          FromTime        ToTime          OWLT
1               2               100             120             0
1               9               80              100             0
1               9               140             160             0
2               3               120             140             0
2               12              60              80              0
2               12              120             160             0
3               4               140             160             0
3               10              100             120             0
3               10              160             180             0
4               1               80              100             0
4               1               160             180             0
4               6               80              100             0
4               6               120             140             0
5               4               60              80              0
6               4               80              100             0
6               4               120             140             0
6               7               60              80              0
6               7               100             120             0
7               1               100             120             0
8               2               100             120             0
9               1               80              100             0
9               1               140             160             0
9               7               80              100             0
9               8               60              80              0
9               8               140             160             0
10              3               100             120             0
10              3               160             180             0
10              5               60              80              0
10              11              60              80              0
11              3               80              100             0
12              2               60              80              0
12              2               120             160             0

----------------------------------------------------------------------

--------------------------------------------------------- PHASE ONE: COMPUTED ROUTES ----------------------------------------------------------

0 computed routes.

-----------------------------------------------------------------------------------------------------------------------------------------------

--------------------------------------------------------- PHASE TWO: CANDIDATE ROUTES ---------------------------------------------------------

0 candidate routes.

-----------------------------------------------------------------------------------------------------------------------------------------------

------------ PHASE THREE: BEST ROUTES ------------

0 best routes.

--------------------------------------------------
