a contact +0 +135 24 34 12500
a contact +0 +135 34 24 12500
a contact +0 +151 16 44 12500
a contact +0 +151 44 16 12500
a contact +11 +252 21 41 12500
a contact +11 +252 41 21 12500
a contact +56 +294 37 40 12500
a contact +56 +294 40 37 12500
a contact +56 +294 42 39 12500
a contact +56 +294 39 42 12500
a contact +136 +363 41 10 12500
a contact +136 +363 10 41 12500
a contact +194 +417 44 19 12500
a contact +194 +417 19 44 12500
a contact +200 +444 13 47 12500
a contact +200 +444 47 13 12500
a contact +220 +377 34 11 12500
a contact +220 +377 11 34 12500
a contact +260 +483 12 46 12500
a contact +260 +483 46 12 12500
a contact +411 +649 38 35 12500
a contact +411 +649 33 36 12500
a contact +411 +649 35 38 12500
a contact +411 +649 36 33 12500
a contact +447 +681 44 25 12500
a contact +447 +681 25 44 12500
a contact +548 +774 37 18 12500
a contact +548 +774 18 37 12500
a contact +556 +780 43 24 12500
a contact +556 +780 24 43 12500
a contact +566 +812 27 47 12500
a contact +566 +812 47 27 12500
a contact +742 +960 37 31 12500
a contact +742 +960 31 37 12500
a contact +754 +999 37 22 12500
a contact +754 +999 22 37 12500
a contact +764 +878 47 14 12500
a contact +764 +878 14 47 12500
a contact +765 +1003 46 34 12500
a contact +765 +1003 32 44 12500
a contact +765 +1003 34 46 12500
a contact +765 +1003 44 32 12500
a contact +912 +1149 15 47 12500
a contact +912 +1149 47 15 12500
a contact +960 +1206 37 13 12500
a contact +960 +1206 13 37 12500
a contact +1120 +1358 47 40 12500
a contact +1120 +1358 42 45 12500
a contact +1120 +1358 40 47 12500
a contact +1120 +1358 45 42 12500
a contact +1130 +1352 9 41 12500
a contact +1130 +1352 41 9 12500
a contact +1244 +1485 7 40 12500
a contact +1244 +1485 40 7 12500
a contact +1384 +1628 33 24 12500
a contact +1384 +1628 24 33 12500
a contact +1409 +1626 16 47 12500
a contact +1409 +1626 47 16 12500
a contact +1474 +1712 43 36 12500
a contact +1474 +1712 41 38 12500
a contact +1474 +1712 38 41 12500
a contact +1474 +1712 36 43 12500
a contact +1524 +1691 40 21 12500
a contact +1524 +1691 21 40 12500
a contact +1631 +1727 35 30 12500
a contact +1631 +1727 30 35 12500
a contact +1681 +1903 19 47 12500
a contact +1681 +1903 47 19 12500
a contact +1686 +1763 10 40 12500
a contact +1686 +1763 40 10 12500
a contact +1693 +1907 46 13 12500
a contact +1693 +1907 13 46 12500
a contact +1709 +1928 29 33 12500
a contact +1709 +1928 33 29 12500
a contact +1739 +1958 12 45 12500
a contact +1739 +1958 45 12 12500
a contact +1829 +2067 37 34 12500
a contact +1829 +2067 34 37 12500
a contact +1829 +2067 32 39 12500
a contact +1829 +2067 39 32 12500
a contact +1933 +2150 47 25 12500
a contact +1933 +2150 25 47 12500
a contact +2018 +2260 36 18 12500
a contact +2018 +2260 18 36 12500
a contact +2072 +2265 27 46 12500
a contact +2072 +2265 46 27 12500
a contact +2181 +2412 46 14 12500
a contact +2181 +2412 14 46 12500
a contact +2183 +2421 47 35 12500
a contact +2183 +2421 35 47 12500
a contact +2183 +2421 45 33 12500
a contact +2183 +2421 33 45 12500
a contact +2272 +2435 22 36 12500
a contact +2272 +2435 36 22 12500
a contact +2390 +2631 15 46 12500
a contact +2390 +2631 46 15 12500
a contact +2471 +2650 13 36 12500
a contact +2471 +2650 36 13 12500
a contact +2538 +2776 43 46 12500
a contact +2538 +2776 46 43 12500
a contact +2538 +2776 41 44 12500
a contact +2538 +2776 44 41 12500
a contact +2687 +2761 9 40 12500
a contact +2687 +2761 40 9 12500
a contact +2725 +2963 43 7 12500
a contact +2725 +2963 7 43 12500
a contact +2789 +2921 20 36 12500
a contact +2789 +2921 36 20 12500
a contact +2892 +3130 39 42 12500
a contact +2892 +3130 37 40 12500
a contact +2892 +3130 40 37 12500
a contact +2892 +3130 42 39 12500
a contact +2905 +3064 24 32 12500
a contact +2905 +3064 32 24 12500
a contact +2909 +3101 46 16 12500
a contact +2909 +3101 16 46 12500
a contact +3038 +3272 34 30 12500
a contact +3038 +3272 30 34 12500
a contact +3165 +3391 19 46 12500
a contact +3165 +3391 46 19 12500
a contact +3174 +3419 32 29 12500
a contact +3174 +3419 29 32 12500
a contact +3221 +3429 44 12 12500
a contact +3221 +3429 12 44 12500
a contact +3232 +3451 45 22 12500
a contact +3232 +3451 22 45 12500
a contact +3247 +3485 33 36 12500
a contact +3247 +3485 36 33 12500
a contact +3247 +3485 35 38 12500
a contact +3247 +3485 38 35 12500
a contact +3288 +3492 45 31 12500
a contact +3288 +3492 31 45 12500
a contact +3339 +3503 1 32 12500
a contact +3339 +3503 32 1 12500
a contact +3427 +3608 25 46 12500
a contact +3427 +3608 46 25 12500
a contact +3539 +3691 39 18 12500
a contact +3539 +3691 18 39 12500
a contact +3601 +3839 32 44 12500
a contact +3601 +3839 46 34 12500
a contact +3601 +3839 44 32 12500
a contact +3601 +3839 34 46 12500
a contact +3654 +3896 45 14 12500
a contact +3654 +3896 14 45 12500
a contact +3896 +4090 15 45 12500
a contact +3896 +4090 45 15 12500
a contact +3956 +4194 47 40 12500
a contact +3956 +4194 45 42 12500
a contact +3956 +4194 40 47 12500
a contact +3956 +4194 42 45 12500
a contact +4062 +4127 42 15 12500
a contact +4062 +4127 15 42 12500
a contact +4212 +4449 20 39 12500
a contact +4212 +4449 39 20 12500
a contact +4235 +4404 42 7 12500
a contact +4235 +4404 7 42 12500
a contact +4310 +4548 36 43 12500
a contact +4310 +4548 38 41 12500
a contact +4310 +4548 43 36 12500
a contact +4310 +4548 41 38 12500
a contact +4410 +4578 16 45 12500
a contact +4410 +4578 45 16 12500
a contact +4514 +4751 33 30 12500
a contact +4514 +4751 30 33 12500
a contact +4647 +4880 19 45 12500
a contact +4647 +4880 45 19 12500
a contact +4665 +4903 32 39 12500
a contact +4665 +4903 39 32 12500
a contact +4665 +4903 37 34 12500
a contact +4665 +4903 34 37 12500
a contact +4684 +4869 29 35 12500
a contact +4684 +4869 35 29 12500
a contact +4698 +4941 22 44 12500
a contact +4698 +4941 44 22 12500
a contact +4707 +4894 12 47 12500
a contact +4707 +4894 47 12 12500
a contact +4744 +4990 31 44 12500
a contact +4744 +4990 44 31 12500
a contact +4778 +5016 35 1 12500
a contact +4778 +5016 1 35 12500
a contact +4828 +4957 47 8 12500
a contact +4828 +4957 8 47 12500
a contact +4942 +5038 25 45 12500
a contact +4942 +5038 45 25 12500
a contact +5019 +5257 35 47 12500
a contact +5019 +5257 33 45 12500
a contact +5019 +5257 45 33 12500
a contact +5019 +5257 47 35 12500
a contact +5020 +5072 26 44 12500
a contact +5020 +5072 44 26 12500
a contact +5166 +5348 14 44 12500
a contact +5166 +5348 44 14 12500
a contact +5374 +5612 46 43 12500
a contact +5374 +5612 41 44 12500
a contact +5374 +5612 43 46 12500
a contact +5374 +5612 44 41 12500
a contact +5480 +5682 41 15 12500
a contact +5480 +5682 15 41 12500
a contact +5691 +5927 20 38 12500
a contact +5691 +5927 38 20 12500
a contact +5728 +5966 37 40 12500
a contact +5728 +5966 39 42 12500
a contact +5728 +5966 40 37 12500
a contact +5728 +5966 42 39 12500
a contact +5907 +6060 44 16 12500
a contact +5907 +6060 16 44 12500
a contact +6049 +6177 32 30 12500
a contact +6049 +6177 30 32 12500
a contact +6083 +6321 33 36 12500
a contact +6083 +6321 38 35 12500
a contact +6083 +6321 36 33 12500
a contact +6083 +6321 35 38 12500
a contact +6127 +6368 44 19 12500
a contact +6127 +6368 19 44 12500
a contact +6201 +6348 46 12 12500
a contact +6201 +6348 12 46 12500
a contact +6222 +6374 22 47 12500
a contact +6222 +6374 47 22 12500
a contact +6254 +6439 31 47 12500
a contact +6254 +6439 47 31 12500
a contact +6256 +6496 34 1 12500
a contact +6256 +6496 1 34 12500
a contact +6285 +6477 8 46 12500
a contact +6285 +6477 46 8 12500
a contact +6409 +6479 8 34 12500
a contact +6409 +6479 34 8 12500
a contact +6409 +6632 26 47 12500
a contact +6409 +6632 47 26 12500
a contact +6437 +6675 46 34 12500
a contact +6437 +6675 34 46 12500
a contact +6437 +6675 32 44 12500
a contact +6437 +6675 44 32 12500
a contact +6792 +7029 42 45 12500
a contact +6792 +7029 40 47 12500
a contact +6792 +7029 45 42 12500
a contact +6792 +7029 47 40 12500
a contact +6942 +7185 15 40 12500
a contact +6942 +7185 40 15 12500
a contact +7146 +7384 36 43 12500
a contact +7146 +7384 38 41 12500
a contact +7146 +7384 43 36 12500
a contact +7146 +7384 41 38 12500
a contact +7222 +7359 37 20 12500
a contact +7222 +7359 20 37 12500
a contact +7398 +7549 16 47 12500
a contact +7398 +7549 47 16 12500
a contact +7426 +7594 10 35 12500
a contact +7426 +7594 35 10 12500
a contact +7501 +7739 39 32 12500
a contact +7501 +7739 34 37 12500
a contact +7501 +7739 37 34 12500
a contact +7501 +7739 32 39 12500
a contact +7607 +7852 47 19 12500
a contact +7607 +7852 19 47 12500
a contact +7648 +7870 18 46 12500
a contact +7648 +7870 46 18 12500
a contact +7731 +7762 45 12 12500
a contact +7731 +7762 12 45 12500
a contact +7752 +7982 8 45 12500
a contact +7752 +7982 45 8 12500
a contact +7767 +7951 1 33 12500
a contact +7767 +7951 33 1 12500
a contact +7815 +8020 33 8 12500
a contact +7815 +8020 8 33 12500
a contact +7855 +8093 45 33 12500
a contact +7855 +8093 33 45 12500
a contact +7855 +8093 35 47 12500
a contact +7855 +8093 47 35 12500
a contact +7877 +8121 26 46 12500
a contact +7877 +8121 46 26 12500
a contact +8075 +8231 25 35 12500
a contact +8075 +8231 35 25 12500
a contact +8210 +8447 43 46 12500
a contact +8210 +8447 41 44 12500
a contact +8210 +8447 44 41 12500
a contact +8210 +8447 46 43 12500
a contact +8426 +8659 15 43 12500
a contact +8426 +8659 43 15 12500
a contact +8564 +8802 37 40 12500
a contact +8564 +8802 42 39 12500
a contact +8564 +8802 40 37 12500
a contact +8564 +8802 39 42 12500
a contact +8865 +9107 34 10 12500
a contact +8865 +9107 10 34 12500
a contact +8881 +9046 46 16 12500
a contact +8881 +9046 16 46 12500
a contact +8919 +9156 33 36 12500
a contact +8919 +9156 38 35 12500
a contact +8919 +9156 35 38 12500
a contact +8919 +9156 36 33 12500
a contact +8920 +9040 37 9 12500
a contact +8920 +9040 9 37 12500
a contact +9091 +9329 19 46 12500
a contact +9091 +9329 46 19 12500
a contact +9115 +9358 45 18 12500
a contact +9115 +9358 18 45 12500
a contact +9227 +9472 8 44 12500
a contact +9227 +9472 44 8 12500
a contact +9273 +9511 32 44 12500
a contact +9273 +9511 34 46 12500
a contact +9273 +9511 44 32 12500
a contact +9273 +9511 46 34 12500
a contact +9274 +9515 32 8 12500
a contact +9274 +9515 8 32 12500
a contact +9274 +9448 37 23 12500
a contact +9274 +9448 23 37 12500
a contact +9384 +9577 26 45 12500
a contact +9384 +9577 45 26 12500
a contact +9411 +9542 1 44 12500
a contact +9411 +9542 44 1 12500
a contact +9525 +9730 34 25 12500
a contact +9525 +9730 25 34 12500
a contact +9628 +9865 45 42 12500
a contact +9628 +9865 40 47 12500
a contact +9628 +9865 47 40 12500
a contact +9628 +9865 42 45 12500
a contact +9900 +9993 42 14 12500
a contact +9900 +9993 14 42 12500
a contact +9944 +10092 15 42 12500
a contact +9944 +10092 42 15 12500
a contact +9982 +10220 43 36 12500
a contact +9982 +10220 36 43 12500
a contact +9982 +10220 38 41 12500
a contact +9982 +10220 41 38 12500
a contact +10337 +10574 37 34 12500
a contact +10337 +10574 39 32 12500
a contact +10337 +10574 32 39 12500
a contact +10337 +10574 34 37 12500
a contact +10347 +10578 9 36 12500
a contact +10347 +10578 36 9 12500
a contact +10351 +10579 10 33 12500
a contact +10351 +10579 33 10 12500
a contact +10357 +10555 21 33 12500
a contact +10357 +10555 33 21 12500
a contact +10358 +10547 45 16 12500
a contact +10358 +10547 16 45 12500
a contact +10581 +10793 19 45 12500
a contact +10581 +10793 45 19 12500
a contact +10634 +10800 44 18 12500
a contact +10634 +10800 18 44 12500
a contact +10691 +10929 47 35 12500
a contact +10691 +10929 45 33 12500
a contact +10691 +10929 35 47 12500
a contact +10691 +10929 33 45 12500
a contact +10712 +10946 8 47 12500
a contact +10712 +10946 47 8 12500
a contact +10716 +10962 36 23 12500
a contact +10716 +10962 23 36 12500
a contact +10754 +10996 8 35 12500
a contact +10754 +10996 35 8 12500
a contact +10823 +10865 33 19 12500
a contact +10823 +10865 19 33 12500
a contact +10850 +11074 47 1 12500
a contact +10850 +11074 1 47 12500
a contact +10990 +11219 25 33 12500
a contact +10990 +11219 33 25 12500
a contact +11045 +11283 41 44 12500
a contact +11045 +11283 44 41 12500
a contact +11045 +11283 43 46 12500
a contact +11045 +11283 46 43 12500
a contact +11320 +11541 14 41 12500
a contact +11320 +11541 41 14 12500
a contact +11400 +11638 42 39 12500
a contact +11400 +11638 40 37 12500
a contact +11400 +11638 39 42 12500
a contact +11400 +11638 37 40 12500
a contact +11694 +11820 23 45 12500
a contact +11694 +11820 45 23 12500
a contact +11755 +11992 35 38 12500
a contact +11755 +11992 33 36 12500
a contact +11755 +11992 36 33 12500
a contact +11755 +11992 38 35 12500
a contact +11810 +12055 32 21 12500
a contact +11810 +12055 21 32 12500
a contact +11820 +12062 9 39 12500
a contact +11820 +12062 39 9 12500
a contact +11833 +12047 16 44 12500
a contact +11833 +12047 44 16 12500
a contact +11892 +12003 10 32 12500
a contact +11892 +12003 32 10 12500
a contact +12087 +12236 19 44 12500
a contact +12087 +12236 44 19 12500
a contact +12109 +12347 32 44 12500
a contact +12109 +12347 44 32 12500
a contact +12109 +12347 34 46 12500
a contact +12109 +12347 46 34 12500
a contact +12213 +12418 23 39 12500
a contact +12213 +12418 39 23 12500
a contact +12216 +12393 46 8 12500
a contact +12216 +12393 8 46 12500
a contact +12226 +12409 32 19 12500
a contact +12226 +12409 19 32 12500
a contact +12249 +12468 34 8 12500
a contact +12249 +12468 8 34 12500
a contact +12320 +12566 46 1 12500
a contact +12320 +12566 1 46 12500
a contact +12463 +12702 32 25 12500
a contact +12463 +12701 42 45 12500
a contact +12463 +12702 25 32 12500
a contact +12463 +12701 47 40 12500
a contact +12463 +12701 40 47 12500
a contact +12463 +12701 45 42 12500
a contact +12516 +12592 46 29 12500
a contact +12516 +12592 29 46 12500
a contact +12788 +13033 14 40 12500
a contact +12788 +13033 40 14 12500
a contact +12818 +13056 38 41 12500
a contact +12818 +13056 43 36 12500
a contact +12818 +13056 36 43 12500
a contact +12818 +13056 41 38 12500
a contact +12982 +13102 40 27 12500
a contact +12982 +13102 27 40 12500
a contact +13114 +13354 44 23 12500
a contact +13114 +13354 23 44 12500
a contact +13173 +13410 32 39 12500
a contact +13173 +13410 37 34 12500
a contact +13173 +13410 39 32 12500
a contact +13173 +13410 34 37 12500
a contact +13301 +13525 35 21 12500
a contact +13301 +13525 21 35 12500
a contact +13308 +13543 47 16 12500
a contact +13308 +13543 16 47 12500
a contact +13338 +13496 9 38 12500
a contact +13338 +13496 38 9 12500
a contact +13527 +13765 33 45 12500
a contact +13527 +13765 35 47 12500
a contact +13527 +13765 47 35 12500
a contact +13527 +13765 45 33 12500
a contact +13680 +13906 35 19 12500
a contact +13680 +13906 19 35 12500
a contact +13759 +13931 8 33 12500
a contact +13759 +13931 33 8 12500
a contact +13815 +14025 45 1 12500
a contact +13815 +14025 1 45 12500
a contact +13843 +13949 33 12 12500
a contact +13843 +13949 12 33 12500
a contact +13881 +14119 41 44 12500
a contact +13881 +14119 46 43 12500
a contact +13881 +14119 43 46 12500
a contact +13881 +14119 44 41 12500
a contact +13925 +14149 45 29 12500
a contact +13925 +14149 29 45 12500
a contact +13941 +14184 35 25 12500
a contact +13941 +14184 25 35 12500
a contact +14156 +14377 45 11 12500
a contact +14156 +14377 11 45 12500
a contact +14236 +14474 37 40 12500
a contact +14236 +14474 42 39 12500
a contact +14236 +14474 40 37 12500
a contact +14236 +14474 39 42 12500
a contact +14289 +14485 43 14 12500
a contact +14289 +14485 14 43 12500
a contact +14405 +14641 27 43 12500
a contact +14405 +14641 43 27 12500
a contact +14591 +14828 36 33 12500
a contact +14591 +14828 33 36 12500
a contact +14591 +14828 35 38 12500
a contact +14591 +14828 38 35 12500
a contact +14599 +14825 47 23 12500
a contact +14599 +14825 23 47 12500
a contact +14723 +14878 17 43 12500
a contact +14723 +14878 43 17 12500
a contact +14786 +15031 46 16 12500
a contact +14786 +15031 16 46 12500
a contact +14841 +14953 34 21 12500
a contact +14841 +14953 21 34 12500
a contact +14945 +15183 44 32 12500
a contact +14945 +15183 34 46 12500
a contact +14945 +15183 46 34 12500
a contact +14945 +15183 32 44 12500
a contact +14967 +15145 20 33 12500
a contact +14967 +15145 33 20 12500
a contact +15002 +15171 39 28 12500
a contact +15002 +15171 28 39 12500
a contact +15150 +15393 19 34 12500
a contact +15150 +15393 34 19 12500
a contact +15284 +15454 32 12 12500
a contact +15284 +15454 12 32 12500
a contact +15289 +15381 8 32 12500
a contact +15289 +15381 32 8 12500
a contact +15299 +15537 45 42 12500
a contact +15299 +15537 47 40 12500
a contact +15299 +15537 42 45 12500
a contact +15299 +15537 40 47 12500
a contact +15394 +15638 44 29 12500
a contact +15394 +15638 29 44 12500
a contact +15421 +15666 34 25 12500
a contact +15421 +15666 25 34 12500
a contact +15455 +15659 33 17 12500
a contact +15455 +15659 17 33 12500
a contact +15586 +15765 26 42 12500
a contact +15586 +15765 42 26 12500
a contact +15623 +15866 11 44 12500
a contact +15623 +15866 44 11 12500
a contact +15654 +15892 36 43 12500
a contact +15654 +15892 41 38 12500
a contact +15654 +15892 38 41 12500
a contact +15654 +15892 43 36 12500
a contact +15883 +16118 27 42 12500
a contact +15883 +16118 42 27 12500
a contact +16008 +16246 39 32 12500
a contact +16008 +16246 37 34 12500
a contact +16008 +16246 32 39 12500
a contact +16008 +16246 34 37 12500
a contact +16153 +16353 7 33 12500
a contact +16153 +16353 33 7 12500
a contact +16156 +16400 17 42 12500
a contact +16156 +16400 42 17 12500
a contact +16269 +16508 16 45 12500
a contact +16269 +16508 45 16 12500
a contact +16363 +16601 47 35 12500
a contact +16363 +16601 45 33 12500
a contact +16363 +16601 35 47 12500
a contact +16363 +16601 33 45 12500
a contact +16404 +16588 33 16 12500
a contact +16404 +16588 16 33 12500
a contact +16416 +16659 32 20 12500
a contact +16416 +16659 20 32 12500
a contact +16442 +16687 38 28 12500
a contact +16442 +16687 28 38 12500
a contact +16630 +16874 19 33 12500
a contact +16630 +16874 33 19 12500
a contact +16717 +16955 43 46 12500
a contact +16717 +16955 41 44 12500
a contact +16717 +16955 44 41 12500
a contact +16717 +16955 46 43 12500
a contact +16744 +16943 35 12 12500
a contact +16744 +16943 12 35 12500
a contact +16859 +17074 45 30 12500
a contact +16859 +17074 30 45 12500
a contact +16902 +17147 25 33 12500
a contact +16902 +17147 33 25 12500
a contact +16907 +17078 29 47 12500
a contact +16907 +17078 47 29 12500
a contact +16911 +17157 32 17 12500
a contact +16911 +17157 17 32 12500
a contact +17036 +17278 41 26 12500
a contact +17036 +17278 26 41 12500
a contact +17072 +17310 39 42 12500
a contact +17072 +17310 40 37 12500
a contact +17072 +17310 37 40 12500
a contact +17072 +17310 42 39 12500
a contact +17147 +17295 47 11 12500
a contact +17147 +17295 11 47 12500
a contact +17302 +17523 28 47 12500
a contact +17302 +17523 47 28 12500
a contact +17426 +17664 33 36 12500
a contact +17426 +17664 38 35 12500
a contact +17426 +17664 35 38 12500
a contact +17426 +17664 36 33 12500
a contact +17427 +17526 41 27 12500
a contact +17427 +17526 27 41 12500
a contact +17608 +17852 7 32 12500
a contact +17608 +17852 32 7 12500
a contact +17649 +17862 41 17 12500
a contact +17649 +17862 17 41 12500
a contact +17763 +17969 44 16 12500
a contact +17763 +17969 16 44 12500
a contact +17781 +18019 46 34 12500
a contact +17781 +18019 44 32 12500
a contact +17781 +18019 34 46 12500
a contact +17781 +18019 32 44 12500
a contact +17856 +18088 16 32 12500
a contact +17856 +18088 32 16 12500
a contact +17903 +18127 35 20 12500
a contact +17903 +18127 20 35 12500
a contact +17938 +18145 37 28 12500
a contact +17938 +18145 28 37 12500
a contact +18009 +18128 21 44 12500
a contact +18009 +18128 44 21 12500
a contact +18116 +18354 32 19 12500
a contact +18116 +18354 19 32 12500
a contact +18119 +18261 44 10 12500
a contact +18119 +18261 10 44 12500
a contact +18135 +18373 47 40 12500
a contact +18135 +18373 45 42 12500
a contact +18135 +18373 42 45 12500
a contact +18135 +18373 40 47 12500
a contact +18144 +18341 11 37 12500
a contact +18144 +18341 37 11 12500
a contact +18212 +18427 12 34 12500
a contact +18212 +18427 34 12 12500
a contact +18323 +18568 30 44 12500
a contact +18323 +18568 44 30 12500
a contact +18383 +18628 32 25 12500
a contact +18383 +18628 25 32 12500
a contact +18426 +18598 35 17 12500
a contact +18426 +18598 17 35 12500
a contact +18490 +18728 36 43 12500
a contact +18490 +18728 41 38 12500
a contact +18490 +18728 43 36 12500
a contact +18490 +18728 38 41 12500
a contact +18521 +18750 26 40 12500
a contact +18521 +18750 40 26 12500
a contact +18736 +18851 40 31 12500
a contact +18736 +18851 31 40 12500
a contact +18769 +19011 28 46 12500
a contact +18769 +19011 46 28 12500
a contact +18844 +19082 37 34 12500
a contact +18844 +19082 34 37 12500
a contact +18844 +19082 39 32 12500
a contact +18844 +19082 32 39 12500
a contact +19094 +19327 35 7 12500
a contact +19094 +19327 7 35 12500
a contact +19118 +19257 44 9 12500
a contact +19118 +19257 9 44 12500
a contact +19199 +19436 45 33 12500
a contact +19199 +19436 47 35 12500
a contact +19199 +19436 33 45 12500
a contact +19199 +19436 35 47 12500
a contact +19285 +19395 16 47 12500
a contact +19285 +19395 47 16 12500
a contact +19328 +19573 35 16 12500
a contact +19328 +19573 16 35 12500
a contact +19441 +19665 21 47 12500
a contact +19441 +19665 47 21 12500
a contact +19477 +19502 20 34 12500
a contact +19477 +19502 34 20 12500
a contact +19553 +19791 46 43 12500
a contact +19553 +19791 43 46 12500
a contact +19553 +19791 41 44 12500
a contact +19553 +19791 44 41 12500
a contact +19555 +19790 10 47 12500
a contact +19555 +19790 47 10 12500
a contact +19596 +19842 11 36 12500
a contact +19596 +19842 36 11 12500
a contact +19605 +19834 35 19 12500
a contact +19605 +19834 19 35 12500
a contact +19685 +19907 12 33 12500
a contact +19685 +19907 33 12 12500
a contact +19703 +19789 34 13 12500
a contact +19703 +19789 13 34 12500
a contact +19834 +20010 47 30 12500
a contact +19834 +20010 30 47 12500
a contact +19865 +20108 35 25 12500
a contact +19865 +20108 25 35 12500
a contact +19908 +20146 42 39 12500
a contact +19908 +20146 40 37 12500
a contact +19908 +20146 39 42 12500
a contact +19908 +20146 37 40 12500
a contact +19978 +20206 24 45 12500
a contact +19978 +20206 45 24 12500
a contact +20028 +20200 34 27 12500
a contact +20028 +20200 27 34 12500
a contact +20059 +20162 26 43 12500
a contact +20059 +20162 43 26 12500
a contact +20155 +20392 31 43 12500
a contact +20155 +20392 43 31 12500
a contact +20203 +20392 43 22 12500
a contact +20203 +20392 22 43 12500
a contact +20262 +20500 33 36 12500
a contact +20262 +20500 36 33 12500
a contact +20262 +20500 38 35 12500
a contact +20262 +20500 35 38 12500
a contact +20299 +20438 45 28 12500
a contact +20299 +20438 28 45 12500
a contact +20395 +20521 15 34 12500
a contact +20395 +20521 34 15 12500
a contact +20422 +20588 13 43 12500
a contact +20422 +20588 43 13 12500
a contact +20544 +20782 9 47 12500
a contact +20544 +20782 47 9 12500
a contact +20609 +20780 7 34 12500
a contact +20609 +20780 34 7 12500
a contact +20617 +20854 44 32 12500
a contact +20617 +20854 46 34 12500
a contact +20617 +20854 34 46 12500
a contact +20617 +20854 32 44 12500
a contact +20693 +20870 7 46 12500
a contact +20693 +20870 46 7 12500
a contact +20813 +21052 16 34 12500
a contact +20813 +21052 34 16 12500
a contact +20835 +21022 24 39 12500
a contact +20836 +21022 39 24 12500
a contact +20911 +21156 21 46 12500
a contact +20911 +21156 46 21 12500
a contact +20971 +21209 42 45 12500
a contact +20971 +21209 40 47 12500
a contact +20971 +21209 47 40 12500
a contact +20971 +21209 45 42 12500
a contact +21032 +21271 46 10 12500
a contact +21032 +21271 10 46 12500
a contact +21094 +21317 19 34 12500
a contact +21094 +21317 34 19 12500
a contact +21103 +21292 11 39 12500
a contact +21103 +21292 39 11 12500
a contact +21107 +21342 33 13 12500
a contact +21107 +21342 13 33 12500
a contact +21161 +21385 32 12 12500
a contact +21161 +21385 12 32 12500
a contact +21326 +21564 43 36 12500
a contact +21326 +21564 36 43 12500
a contact +21326 +21564 38 41 12500
a contact +21326 +21564 41 38 12500
a contact +21347 +21584 25 34 12500
a contact +21347 +21584 34 25 12500
a contact +21451 +21689 24 44 12500
a contact +21451 +21689 44 24 12500
a contact +21455 +21664 18 42 12500
a contact +21455 +21664 42 18 12500
a contact +21468 +21713 27 33 12500
a contact +21468 +21713 33 27 12500
a contact +21635 +21867 31 42 12500
a contact +21635 +21867 42 31 12500
a contact +21653 +21899 22 42 12500
a contact +21653 +21899 42 22 12500
a contact +21680 +21918 37 34 12500
a contact +21680 +21918 34 37 12500
a contact +21680 +21918 39 32 12500
a contact +21680 +21918 32 39 12500
a contact +21819 +22047 15 33 12500
a contact +21819 +22047 33 15 12500
a contact +21860 +22105 42 13 12500
a contact +21860 +22105 13 42 12500
a contact +22024 +22260 9 46 12500
a contact +22024 +22260 46 9 12500
a contact +22035 +22272 45 33 12500
a contact +22035 +22272 33 45 12500
a contact +22035 +22272 35 47 12500
a contact +22035 +22272 47 35 12500
a contact +22148 +22383 7 45 12500
a contact +22148 +22383 45 7 12500
a contact +22283 +22529 24 38 12500
a contact +22283 +22529 38 24 12500
a contact +22307 +22528 33 16 12500
a contact +22307 +22528 16 33 12500
a contact +22389 +22627 44 41 12500
a contact +22389 +22627 43 46 12500
a contact +22389 +22627 46 43 12500
a contact +22389 +22627 41 44 12500
a contact +22413 +22607 21 45 12500
a contact +22413 +22607 45 21 12500
a contact +22555 +22699 45 10 12500
a contact +22555 +22699 10 45 12500
a contact +22582 +22802 33 19 12500
a contact +22582 +22802 19 33 12500
a contact +22586 +22818 13 32 12500
a contact +22586 +22818 32 13 12500
a contact +22619 +22819 38 29 12500
a contact +22619 +22819 29 38 12500
a contact +22640 +22861 35 12 12500
a contact +22640 +22861 12 35 12500
a contact +22744 +22982 39 42 12500
a contact +22744 +22982 40 37 12500
a contact +22744 +22982 42 39 12500
a contact +22744 +22982 37 40 12500
a contact +22832 +23055 25 33 12500
a contact +22832 +23055 33 25 12500
a contact +22916 +23162 18 41 12500
a contact +22916 +23162 41 18 12500
a contact +22961 +23177 32 27 12500
a contact +22961 +23177 27 32 12500
a contact +22993 +23101 24 47 12500
a contact +22993 +23101 47 24 12500
a contact +23090 +23307 14 32 12500
a contact +23090 +23307 32 14 12500
a contact +23098 +23336 38 35 12500
a contact +23098 +23336 36 33 12500
a contact +23098 +23336 35 38 12500
a contact +23098 +23336 33 36 12500
a contact +23155 +23351 22 41 12500
a contact +23155 +23351 41 22 12500
a contact +23191 +23263 41 31 12500
a contact +23191 +23263 31 41 12500
a contact +23289 +23534 32 15 12500
a contact +23289 +23534 15 32 12500
a contact +23356 +23564 13 41 12500
a contact +23356 +23564 41 13 12500
a contact +23453 +23690 46 34 12500
a contact +23453 +23690 32 44 12500
a contact +23453 +23690 44 32 12500
a contact +23453 +23690 34 46 12500
a contact +23553 +23695 9 45 12500
a contact +23553 +23695 45 9 12500
a contact +23624 +23867 7 44 12500
a contact +23624 +23867 44 7 12500
a contact +23731 +23779 20 41 12500
a contact +23731 +23779 41 20 12500
a contact +23787 +23980 37 24 12500
a contact +23787 +23980 24 37 12500
a contact +23806 +24002 16 32 12500
a contact +23806 +24002 32 16 12500
a contact +23807 +24045 42 45 12500
a contact +23807 +24045 40 47 12500
a contact +23807 +24045 45 42 12500
a contact +23807 +24045 47 40 12500
a contact +23945 +24165 39 30 12500
a contact +23945 +24165 30 39 12500
a contact +24067 +24289 32 19 12500
a contact +24067 +24289 19 32 12500
a contact +24073 +24319 29 37 12500
a contact +24073 +24319 37 29 12500
a contact +24121 +24334 34 12 12500
a contact +24121 +24334 12 34 12500
a contact +24146 +24342 35 22 12500
a contact +24146 +24342 22 35 12500
a contact +24154 +24204 35 13 12500
a contact +24154 +24204 13 35 12500
a contact +24162 +24400 36 43 12500
a contact +24162 +24400 38 41 12500
a contact +24162 +24400 43 36 12500
a contact +24162 +24400 41 38 12500
a contact +24206 +24379 35 31 12500
a contact +24206 +24379 31 35 12500
a contact +24258 +24385 1 37 12500
a contact +24258 +24385 37 1 12500
a contact +24322 +24517 25 32 12500
a contact +24322 +24517 32 25 12500
a contact +24422 +24609 40 18 12500
a contact +24422 +24609 18 40 12500
a contact +24516 +24754 37 34 12500
a contact +24516 +24754 39 32 12500
a contact +24516 +24754 32 39 12500
a contact +24516 +24754 34 37 12500
a contact +24553 +24799 14 35 12500
a contact +24553 +24799 35 14 12500
a contact +24788 +24998 35 15 12500
a contact +24788 +24998 15 35 12500
a contact +24870 +25108 45 33 12500
a contact +24870 +25108 47 35 12500
a contact +24871 +25108 33 45 12500
a contact +24871 +25108 35 47 12500
a contact +25117 +25343 40 20 12500
a contact +25117 +25343 20 40 12500
a contact +25125 +25319 47 7 12500
a contact +25125 +25319 7 47 12500
a contact +25225 +25463 46 43 12500
a contact +25225 +25463 43 46 12500
a contact +25225 +25463 44 41 12500
a contact +25225 +25463 41 44 12500
a contact +25307 +25478 16 35 12500
a contact +25307 +25478 35 16 12500
a contact +25410 +25654 38 30 12500
a contact +25410 +25654 30 38 12500
a contact +25548 +25779 19 35 12500
a contact +25548 +25779 35 19 12500
a contact +25572 +25779 29 36 12500
a contact +25572 +25779 36 29 12500
a contact +25580 +25818 42 39 12500
a contact +25580 +25818 37 40 12500
a contact +25580 +25818 39 42 12500
a contact +25580 +25818 40 37 12500
a contact +25598 +25844 22 34 12500
a contact +25598 +25844 34 22 12500
a contact +25605 +25801 12 33 12500
a contact +25605 +25801 33 12 12500
a contact +25647 +25892 31 34 12500
a contact +25647 +25892 34 31 12500
a contact +25682 +25912 36 1 12500
a contact +25682 +25912 1 36 12500
a contact +25741 +25842 8 33 12500
a contact +25741 +25842 33 8 12500
a contact +25828 +25959 35 25 12500
a contact +25828 +25959 25 35 12500
a contact +25934 +26172 33 36 12500
a contact +25934 +26172 38 35 12500
a contact +25934 +26172 36 33 12500
a contact +25934 +26172 35 38 12500
a contact +26056 +26259 34 14 12500
a contact +26056 +26259 14 34 12500
a contact +26288 +26526 32 44 12500
a contact +26288 +26526 44 32 12500
a contact +26288 +26526 34 46 12500
a contact +26288 +26526 46 34 12500
a contact +26331 +26428 34 15 12500
a contact +26331 +26428 15 34 12500
a contact +26389 +26573 46 15 12500
a contact +26389 +26573 15 46 12500
a contact +26586 +26829 20 43 12500
a contact +26586 +26829 43 20 12500
a contact +26643 +26881 45 42 12500
a contact +26643 +26881 42 45 12500
a contact +26643 +26881 40 47 12500
a contact +26643 +26881 47 40 12500
a contact +26807 +26958 34 16 12500
a contact +26807 +26958 16 34 12500
a contact +26928 +27096 30 37 12500
a contact +26928 +27096 37 30 12500
a contact +26998 +27235 38 41 12500
a contact +26998 +27235 43 36 12500
a contact +26998 +27235 41 38 12500
a contact +26998 +27235 36 43 12500
a contact +27028 +27268 34 19 12500
a contact +27028 +27268 19 34 12500
a contact +27096 +27259 32 12 12500
a contact +27096 +27259 12 32 12500
a contact +27104 +27294 33 22 12500
a contact +27104 +27294 22 33 12500
a contact +27142 +27353 31 33 12500
a contact +27142 +27353 33 31 12500
a contact +27153 +27397 1 39 12500
a contact +27153 +27397 39 1 12500
a contact +27193 +27369 8 32 12500
a contact +27193 +27369 32 8 12500
a contact +27321 +27526 26 33 12500
a contact +27321 +27526 33 26 12500
a contact +27352 +27590 37 34 12500
a contact +27352 +27590 34 37 12500
a contact +27352 +27590 32 39 12500
a contact +27352 +27590 39 32 12500
a contact +27706 +27944 47 35 12500
a contact +27706 +27944 35 47 12500
a contact +27706 +27944 45 33 12500
a contact +27706 +27944 33 45 12500
a contact +27845 +28084 45 15 12500
a contact +27845 +28084 15 45 12500
a contact +28061 +28299 46 43 12500
a contact +28061 +28299 41 44 12500
a contact +28061 +28299 44 41 12500
a contact +28061 +28299 43 46 12500
a contact +28101 +28276 20 42 12500
a contact +28101 +28277 42 20 12500
a contact +28300 +28445 33 16 12500
a contact +28300 +28445 16 33 12500
a contact +28346 +28474 36 10 12500
a contact +28346 +28474 10 36 12500
a contact +28416 +28653 42 39 12500
a contact +28416 +28653 40 37 12500
a contact +28416 +28653 37 40 12500
a contact +28416 +28653 39 42 12500
a contact +28508 +28753 33 19 12500
a contact +28508 +28753 19 33 12500
a contact +28561 +28762 18 32 12500
a contact +28561 +28762 32 18 12500
a contact +28605 +28695 12 35 12500
a contact +28605 +28695 35 12 12500
a contact +28656 +28858 1 38 12500
a contact +28656 +28858 38 1 12500
a contact +28657 +28878 35 8 12500
a contact +28657 +28878 8 35 12500
a contact +28723 +28913 8 38 12500
a contact +28723 +28913 38 8 12500
a contact +28770 +29008 33 36 12500
a contact +28770 +29008 38 35 12500
a contact +28770 +29008 35 38 12500
a contact +28770 +29008 36 33 12500
a contact +28777 +29023 26 32 12500
a contact +28777 +29023 32 26 12500
a contact +28983 +29125 36 25 12500
a contact +28983 +29125 25 36 12500
a contact +29124 +29362 46 34 12500
a contact +29124 +29362 32 44 12500
a contact +29124 +29362 34 46 12500
a contact +29124 +29362 44 32 12500
a contact +29324 +29564 44 15 12500
a contact +29324 +29564 15 44 12500
a contact +29479 +29717 47 40 12500
a contact +29479 +29717 40 47 12500
a contact +29479 +29717 45 42 12500
a contact +29479 +29717 42 45 12500
a contact +29768 +30003 10 39 12500
a contact +29768 +30003 39 10 12500
a contact +29784 +29941 16 32 12500
a contact +29784 +29941 32 16 12500
a contact +29834 +30071 36 43 12500
a contact +29834 +30071 43 36 12500
a contact +29834 +30071 38 41 12500
a contact +29834 +30071 41 38 12500
a contact +29854 +29901 42 9 12500
a contact +29854 +29901 9 42 12500
a contact +29990 +30232 32 19 12500
a contact +29990 +30232 19 32 12500
a contact +30015 +30261 18 35 12500
a contact +30015 +30261 35 18 12500
a contact +30129 +30372 8 34 12500
a contact +30129 +30372 34 8 12500
a contact +30175 +30413 37 8 12500
a contact +30175 +30413 8 37 12500
a contact +30188 +30426 32 39 12500
a contact +30188 +30426 34 37 12500
a contact +30188 +30426 37 34 12500
a contact +30188 +30426 39 32 12500
a contact +30194 +30325 42 23 12500
a contact +30194 +30325 23 42 12500
a contact +30227 +30259 37 1 12500
a contact +30227 +30259 1 37 12500
a contact +30274 +30487 35 26 12500
a contact +30274 +30487 26 35 12500
a contact +30341 +30412 34 1 12500
a contact +30341 +30412 1 34 12500
a contact +30428 +30627 39 25 12500
a contact +30428 +30627 25 39 12500
a contact +30542 +30780 47 35 12500
a contact +30542 +30780 45 33 12500
a contact +30542 +30780 35 47 12500
a contact +30542 +30780 33 45 12500
a contact +30831 +31010 47 15 12500
a contact +30831 +31010 15 47 12500
a contact +30897 +31135 41 44 12500
a contact +30897 +31135 43 46 12500
a contact +30897 +31135 44 41 12500
a contact +30897 +31135 46 43 12500
a contact +31245 +31483 10 38 12500
a contact +31245 +31483 38 10 12500
a contact +31251 +31489 42 39 12500
a contact +31251 +31470 9 41 12500
a contact +31251 +31489 39 42 12500
a contact +31251 +31489 37 40 12500
a contact +31251 +31470 41 9 12500
a contact +31251 +31489 40 37 12500
a contact +31262 +31442 16 35 12500
a contact +31262 +31442 35 16 12500
a contact +31270 +31443 38 21 12500
a contact +31270 +31443 21 38 12500
a contact +31478 +31701 35 19 12500
a contact +31478 +31701 19 35 12500
a contact +31519 +31716 18 34 12500
a contact +31519 +31716 34 18 12500
a contact +31606 +31844 36 33 12500
a contact +31606 +31844 33 36 12500
a contact +31606 +31844 35 38 12500
a contact +31606 +31844 38 35 12500
a contact +31611 +31851 8 33 12500
a contact +31611 +31851 33 8 12500
a contact +31618 +31858 41 23 12500
a contact +31618 +31858 23 41 12500
a contact +31652 +31896 36 8 12500
a contact +31652 +31896 8 36 12500
a contact +31759 +31966 33 1 12500
a contact +31759 +31966 1 33 12500
a contact +31855 +31875 26 34 12500
a contact +31855 +31875 34 26 12500
a contact +31891 +32117 38 25 12500
a contact +31891 +32117 25 38 12500
a contact +31960 +32198 34 46 12500
a contact +31960 +32198 46 34 12500
a contact +31960 +32198 32 44 12500
a contact +31960 +32198 44 32 12500
a contact +32229 +32433 46 14 12500
a contact +32229 +32433 14 46 12500
a contact +32315 +32553 45 42 12500
a contact +32315 +32553 47 40 12500
a contact +32315 +32553 40 47 12500
a contact +32315 +32553 42 45 12500
a contact +32669 +32907 43 36 12500
a contact +32669 +32907 41 38 12500
a contact +32669 +32907 36 43 12500
a contact +32669 +32907 38 41 12500
a contact +32712 +32953 37 21 12500
a contact +32712 +32953 21 37 12500
a contact +32718 +32963 9 40 12500
a contact +32718 +32963 40 9 12500
a contact +32737 +32943 16 34 12500
a contact +32737 +32943 34 16 12500
a contact +32770 +32922 10 37 12500
a contact +32770 +32922 37 10 12500
a contact +32978 +33151 34 19 12500
a contact +32978 +33151 19 34 12500
a contact +33024 +33262 37 34 12500
a contact +33024 +33262 32 39 12500
a contact +33024 +33262 34 37 12500
a contact +33024 +33262 39 32 12500
a contact +33103 +33328 23 40 12500
a contact +33103 +33328 40 23 12500
a contact +33108 +33307 8 32 12500
a contact +33108 +33307 32 8 12500
a contact +33133 +33302 37 19 12500
a contact +33133 +33302 19 37 12500
a contact +33144 +33369 39 8 12500
a contact +33144 +33369 8 39 12500
a contact +33222 +33467 32 1 12500
a contact +33222 +33467 1 32 12500
a contact +33363 +33601 25 37 12500
a contact +33363 +33601 37 25 12500
a contact +33378 +33616 35 47 12500
a contact +33378 +33616 47 35 12500
a contact +33378 +33616 45 33 12500
a contact +33378 +33616 33 45 12500
a contact +33689 +33935 45 14 12500
a contact +33689 +33935 14 45 12500
a contact +33733 +33970 46 43 12500
a contact +33733 +33970 41 44 12500
a contact +33733 +33970 44 41 12500
a contact +33733 +33970 43 46 12500
a contact +34022 +34250 23 34 12500
a contact +34022 +34250 34 23 12500
a contact +34087 +34325 39 42 12500
a contact +34087 +34325 42 39 12500
a contact +34087 +34325 40 37 12500
a contact +34087 +34325 37 40 12500
a contact +34195 +34428 36 21 12500
a contact +34195 +34428 21 36 12500
a contact +34211 +34440 33 16 12500
a contact +34211 +34440 16 33 12500
a contact +34223 +34411 9 43 12500
a contact +34223 +34411 43 9 12500
a contact +34442 +34680 33 36 12500
a contact +34442 +34680 36 33 12500
a contact +34442 +34680 35 38 12500
a contact +34442 +34680 38 35 12500
a contact +34582 +34803 36 19 12500
a contact +34582 +34803 19 36 12500
a contact +34652 +34833 38 8 12500
a contact +34652 +34833 8 38 12500
a contact +34664 +34698 35 8 12500
a contact +34664 +34698 8 35 12500
a contact +34709 +34936 1 35 12500
a contact +34709 +34936 35 1 12500
a contact +34754 +34840 38 12 12500
a contact +34754 +34840 12 38 12500
a contact +34796 +35034 32 44 12500
a contact +34796 +35034 44 32 12500
a contact +34796 +35034 34 46 12500
a contact +34796 +35034 46 34 12500
a contact +34836 +35041 35 29 12500
a contact +34836 +35041 29 35 12500
a contact +34840 +35083 25 36 12500
a contact +34840 +35083 36 25 12500
a contact +35069 +35266 35 11 12500
a contact +35069 +35266 11 35 12500
a contact +35151 +35388 40 47 12500
a contact +35151 +35388 47 40 12500
a contact +35151 +35388 42 45 12500
a contact +35151 +35388 45 42 12500
a contact +35181 +35398 14 44 12500
a contact +35181 +35398 44 14 12500
a contact +35313 +35535 27 44 12500
a contact +35313 +35535 44 27 12500
a contact +35494 +35733 23 33 12500
a contact +35494 +35733 33 23 12500
a contact +35505 +35743 38 41 12500
a contact +35505 +35743 36 43 12500
a contact +35505 +35743 43 36 12500
a contact +35505 +35743 41 38 12500
a contact +35657 +35746 17 44 12500
a contact +35657 +35746 44 17 12500
a contact +35688 +35931 16 32 12500
a contact +35688 +35931 32 16 12500
a contact +35720 +35870 39 21 12500
a contact +35720 +35870 21 39 12500
a contact +35860 +36098 32 39 12500
a contact +35860 +36098 39 32 12500
a contact +35860 +36098 34 37 12500
a contact +35860 +36098 37 34 12500
a contact +35884 +36026 38 20 12500
a contact +35884 +36026 20 38 12500
a contact +35924 +36047 40 28 12500
a contact +35924 +36047 28 40 12500
a contact +36050 +36291 39 19 12500
a contact +36050 +36291 19 39 12500
a contact +36177 +36286 37 8 12500
a contact +36177 +36286 8 37 12500
a contact +36188 +36351 12 37 12500
a contact +36188 +36351 37 12 12500
a contact +36214 +36452 45 33 12500
a contact +36214 +36452 47 35 12500
a contact +36214 +36452 33 45 12500
a contact +36214 +36452 35 47 12500
a contact +36242 +36353 1 34 12500
a contact +36242 +36353 34 1 12500
a contact +36295 +36541 34 29 12500
a contact +36295 +36541 29 34 12500
a contact +36320 +36565 39 25 12500
a contact +36320 +36565 25 39 12500
a contact +36370 +36544 38 17 12500
a contact +36370 +36544 17 38 12500
a contact +36501 +36649 26 47 12500
a contact +36501 +36649 47 26 12500
a contact +36523 +36769 11 34 12500
a contact +36523 +36769 34 11 12500
a contact +36568 +36806 41 44 12500
a contact +36568 +36806 43 46 12500
a contact +36568 +36806 44 41 12500
a contact +36568 +36806 46 43 12500
a contact +36781 +37024 47 27 12500
a contact +36781 +37024 27 47 12500
a contact +36923 +37161 40 37 12500
a contact +36923 +37161 39 42 12500
a contact +36923 +37161 42 39 12500
a contact +36923 +37161 37 40 12500
a contact +37033 +37152 32 23 12500
a contact +37033 +37152 23 32 12500
a contact +37062 +37298 17 47 12500
a contact +37062 +37298 47 17 12500
a contact +37064 +37243 7 38 12500
a contact +37064 +37243 38 7 12500
a contact +37169 +37412 35 16 12500
a contact +37169 +37412 16 35 12500
a contact +37278 +37516 38 35 12500
a contact +37278 +37516 35 38 12500
a contact +37278 +37516 36 33 12500
a contact +37278 +37516 33 36 12500
a contact +37313 +37480 16 38 12500
a contact +37313 +37480 38 16 12500
a contact +37318 +37555 37 20 12500
a contact +37318 +37555 20 37 12500
a contact +37344 +37584 28 43 12500
a contact +37344 +37584 43 28 12500
a contact +37529 +37773 19 38 12500
a contact +37529 +37773 38 19 12500
a contact +37632 +37870 46 34 12500
a contact +37632 +37870 34 46 12500
a contact +37632 +37870 44 32 12500
a contact +37632 +37870 32 44 12500
a contact +37646 +37842 36 12 12500
a contact +37646 +37842 12 36 12500
a contact +37772 +37962 30 35 12500
a contact +37772 +37962 35 30 12500
a contact +37794 +37996 29 33 12500
a contact +37794 +37996 33 29 12500
a contact +37801 +38046 38 25 12500
a contact +37801 +38046 25 38 12500
a contact +37811 +38057 37 17 12500
a contact +37811 +38057 17 37 12500
a contact +37941 +38176 46 26 12500
a contact +37941 +38176 26 46 12500
a contact +37986 +38224 47 40 12500
a contact +37986 +38224 40 47 12500
a contact +37986 +38224 42 45 12500
a contact +37986 +38224 45 42 12500
a contact +38028 +38218 11 33 12500
a contact +38028 +38218 33 11 12500
a contact +38217 +38414 28 33 12500
a contact +38217 +38414 33 28 12500
a contact +38300 +38458 46 27 12500
a contact +38300 +38458 27 46 12500
a contact +38341 +38579 41 38 12500
a contact +38341 +38579 38 41 12500
a contact +38341 +38579 36 43 12500
a contact +38341 +38579 43 36 12500
a contact +38509 +38749 37 7 12500
a contact +38509 +38749 7 37 12500
a contact +38541 +38773 46 17 12500
a contact +38541 +38773 17 46 12500
a contact +38658 +38878 34 16 12500
a contact +38658 +38878 16 34 12500
a contact +38696 +38934 34 37 12500
a contact +38696 +38934 37 34 12500
a contact +38696 +38934 39 32 12500
a contact +38696 +38934 32 39 12500
a contact +38759 +38985 16 37 12500
a contact +38759 +38985 37 16 12500
a contact +38797 +39033 36 20 12500
a contact +38797 +39033 20 36 12500
a contact +38828 +39054 28 42 12500
a contact +38828 +39054 42 28 12500
a contact +38959 +38979 21 34 12500
a contact +38959 +38979 34 21 12500
a contact +39014 +39253 37 19 12500
a contact +39014 +39253 19 37 12500
a contact +39050 +39288 35 47 12500
a contact +39050 +39288 45 33 12500
a contact +39050 +39288 47 35 12500
a contact +39050 +39288 33 45 12500
a contact +39053 +39128 34 10 12500
a contact +39053 +39128 10 34 12500
a contact +39060 +39224 11 42 12500
a contact +39060 +39224 42 11 12500
a contact +39112 +39326 12 39 12500
a contact +39112 +39326 39 12 12500
a contact +39224 +39470 34 30 12500
a contact +39224 +39470 30 34 12500
a contact +39282 +39527 25 37 12500
a contact +39282 +39527 37 25 12500
a contact +39310 +39513 17 36 12500
a contact +39310 +39513 36 17 12500
a contact +39404 +39642 41 44 12500
a contact +39404 +39642 44 41 12500
a contact +39404 +39642 46 43 12500
a contact +39404 +39642 43 46 12500
a contact +39417 +39657 26 45 12500
a contact +39417 +39657 45 26 12500
a contact +39669 +39915 28 32 12500
a contact +39669 +39915 32 28 12500
a contact +39759 +39997 37 40 12500
a contact +39759 +39997 39 42 12500
a contact +39759 +39997 40 37 12500
a contact +39759 +39997 42 39 12500
a contact +39989 +40229 36 7 12500
a contact +39989 +40229 7 36 12500
a contact +40057 +40124 9 34 12500
a contact +40057 +40124 34 9 12500
a contact +40112 +40158 45 17 12500
a contact +40112 +40158 17 45 12500
a contact +40114 +40352 35 38 12500
a contact +40114 +40352 38 35 12500
a contact +40114 +40352 33 36 12500
a contact +40114 +40352 36 33 12500
a contact +40168 +40318 33 16 12500
a contact +40168 +40318 16 33 12500
a contact +40228 +40472 36 16 12500
a contact +40228 +40472 16 36 12500
a contact +40327 +40454 20 39 12500
a contact +40327 +40454 39 20 12500
a contact +40350 +40558 21 33 12500
a contact +40350 +40558 33 21 12500
a contact +40463 +40685 33 10 12500
a contact +40463 +40685 10 33 12500
a contact +40468 +40706 34 46 12500
a contact +40468 +40706 46 34 12500
a contact +40468 +40706 44 32 12500
a contact +40468 +40706 32 44 12500
a contact +40496 +40741 11 41 12500
a contact +40496 +40741 41 11 12500
a contact +40503 +40733 36 19 12500
a contact +40503 +40733 19 36 12500
a contact +40585 +40807 38 12 12500
a contact +40585 +40807 12 38 12500
a contact +40721 +40927 33 30 12500
a contact +40721 +40927 30 33 12500
a contact +40763 +41007 36 25 12500
a contact +40763 +41007 25 36 12500
a contact +40822 +41060 42 45 12500
a contact +40822 +41060 47 40 12500
a contact +40822 +41060 45 42 12500
a contact +40822 +41060 40 47 12500
a contact +40890 +41098 24 35 12500
a contact +40890 +41098 35 24 12500
a contact +40935 +41091 26 44 12500
a contact +40935 +41091 44 26 12500
a contact +40950 +41079 39 27 12500
a contact +40950 +41079 27 39 12500
a contact +41063 +41286 44 31 12500
a contact +41063 +41286 31 44 12500
a contact +41123 +41274 22 44 12500
a contact +41123 +41274 44 22 12500
a contact +41177 +41415 36 43 12500
a contact +41177 +41415 41 38 12500
a contact +41177 +41415 43 36 12500
a contact +41177 +41415 38 41 12500
a contact +41179 +41362 35 28 12500
a contact +41179 +41362 28 35 12500
a contact +41326 +41392 39 15 12500
a contact +41326 +41392 15 39 12500
a contact +41352 +41461 44 13 12500
a contact +41352 +41461 13 44 12500
a contact +41452 +41679 33 9 12500
a contact +41452 +41679 9 33 12500
a contact +41498 +41687 7 39 12500
a contact +41498 +41687 39 7 12500
a contact +41532 +41769 37 34 12500
a contact +41532 +41769 34 37 12500
a contact +41532 +41769 32 39 12500
a contact +41532 +41769 39 32 12500
a contact +41607 +41755 7 32 12500
a contact +41607 +41755 32 7 12500
a contact +41711 +41952 39 16 12500
a contact +41711 +41952 16 39 12500
a contact +41754 +41902 24 40 12500
a contact +41754 +41902 40 24 12500
a contact +41812 +42058 21 32 12500
a contact +41812 +42058 32 21 12500
a contact +41886 +42124 47 35 12500
a contact +41886 +42124 35 47 12500
a contact +41886 +42124 33 45 12500
a contact +41886 +42124 45 33 12500
a contact +41931 +42176 10 32 12500
a contact +41931 +42176 32 10 12500
a contact +41990 +42203 40 11 12500
a contact +41990 +42203 11 40 12500
a contact +41992 +42214 39 19 12500
a contact +41992 +42214 19 39 12500
a contact +42014 +42235 38 13 12500
a contact +42014 +42235 13 38 12500
a contact +42060 +42286 37 12 12500
a contact +42060 +42286 12 37 12500
a contact +42240 +42478 44 41 12500
a contact +42240 +42478 41 44 12500
a contact +42240 +42478 46 43 12500
a contact +42240 +42478 43 46 12500
a contact +42245 +42485 39 25 12500
a contact +42245 +42485 25 39 12500
a contact +42349 +42594 24 34 12500
a contact +42349 +42594 34 24 12500
a contact +42368 +42552 47 18 12500
a contact +42368 +42552 18 47 12500
a contact +42371 +42610 38 27 12500
a contact +42371 +42610 27 38 12500
a contact +42532 +42774 31 47 12500
a contact +42532 +42774 47 31 12500
a contact +42556 +42799 47 22 12500
a contact +42556 +42799 22 47 12500
a contact +42595 +42833 40 37 12500
a contact +42595 +42833 37 40 12500
a contact +42595 +42833 39 42 12500
a contact +42595 +42833 42 39 12500
a contact +42724 +42941 15 38 12500
a contact +42724 +42941 38 15 12500
a contact +42765 +43003 13 47 12500
a contact +42765 +43003 47 13 12500
a contact +42922 +43165 32 9 12500
a contact +42922 +43165 9 32 12500
a contact +42950 +43187 33 36 12500
a contact +42950 +43187 36 33 12500
a contact +42950 +43187 35 38 12500
a contact +42950 +43187 38 35 12500
a contact +43054 +43279 7 35 12500
a contact +43054 +43279 35 7 12500
a contact +43184 +43427 24 43 12500
a contact +43184 +43427 43 24 12500
a contact +43203 +43428 38 16 12500
a contact +43203 +43428 16 38 12500
a contact +43304 +43542 32 44 12500
a contact +43304 +43542 44 32 12500
a contact +43304 +43542 46 34 12500
a contact +43304 +43542 34 46 12500
a contact +43304 +43521 21 35 12500
a contact +43304 +43521 35 21 12500
a contact +43438 +43622 35 10 12500
a contact +43438 +43622 10 35 12500
a contact +43480 +43699 19 38 12500
a contact +43480 +43699 38 19 12500
a contact +43481 +43722 13 37 12500
a contact +43481 +43722 37 13 12500
a contact +43533 +43704 29 43 12500
a contact +43533 +43704 43 29 12500
a contact +43538 +43762 12 36 12500
a contact +43538 +43762 36 12 12500
a contact +43658 +43896 45 42 12500
a contact +43658 +43896 42 45 12500
a contact +43658 +43896 47 40 12500
a contact +43658 +43896 40 47 12500
a contact +43729 +43958 25 38 12500
a contact +43729 +43958 38 25 12500
a contact +43818 +44063 18 46 12500
a contact +43818 +44063 46 18 12500
a contact +43853 +44083 37 27 12500
a contact +43853 +44083 27 37 12500
a contact +43866 +44032 33 24 12500
a contact +43866 +44032 24 33 12500
a contact +43999 +44199 37 14 12500
a contact +43999 +44199 14 37 12500
a contact +44013 +44251 38 41 12500
a contact +44013 +44251 41 38 12500
a contact +44013 +44251 43 36 12500
a contact +44013 +44251 36 43 12500
a contact +44045 +44265 46 22 12500
a contact +44045 +44265 22 46 12500
a contact +44056 +44203 31 46 12500
a contact +44056 +44203 46 31 12500
a contact +44188 +44433 37 15 12500
a contact +44188 +44433 15 37 12500
a contact +44248 +44476 46 13 12500
a contact +44248 +44476 13 46 12500
a contact +44368 +44605 32 39 12500
a contact +44368 +44605 39 32 12500
a contact +44368 +44605 34 37 12500
a contact +44368 +44605 37 34 12500
a contact +44436 +44613 9 35 12500
a contact +44436 +44613 35 9 12500
a contact +44525 +44770 7 34 12500
a contact +44525 +44770 34 7 12500
a contact +44674 +44891 42 24 12500
a contact +44674 +44891 24 42 12500
a contact +44702 +44901 37 16 12500
a contact +44702 +44901 16 37 12500
a contact +44722 +44959 45 33 12500
a contact +44722 +44959 35 47 12500
a contact +44722 +44959 47 35 12500
a contact +44722 +44959 33 45 12500
a contact +44855 +45054 30 40 12500
a contact +44855 +45054 40 30 12500
a contact +44966 +45186 19 37 12500
a contact +44966 +45186 37 19 12500
a contact +44973 +45217 42 29 12500
a contact +44973 +45217 29 42 12500
a contact +45011 +45146 36 13 12500
a contact +45011 +45146 13 36 12500
a contact +45019 +45236 12 39 12500
a contact +45019 +45236 39 12 12500
a contact +45063 +45225 22 36 12500
a contact +45063 +45225 36 22 12500
a contact +45076 +45314 46 43 12500
a contact +45076 +45314 41 44 12500
a contact +45076 +45314 44 41 12500
a contact +45076 +45314 43 46 12500
a contact +45129 +45257 31 36 12500
a contact +45129 +45257 36 31 12500
a contact +45198 +45246 42 1 12500
a contact +45198 +45246 1 42 12500
a contact +45217 +45423 25 37 12500
a contact +45217 +45423 37 25 12500
a contact +45311 +45524 45 18 12500
a contact +45311 +45524 18 45 12500
a contact +45406 +45493 36 27 12500
a contact +45406 +45493 27 36 12500
a contact +45431 +45669 42 39 12500
a contact +45431 +45669 40 37 12500
a contact +45431 +45669 39 42 12500
a contact +45431 +45669 37 40 12500
a contact +45453 +45699 14 36 12500
a contact +45453 +45699 36 14 12500
a contact +45681 +45902 15 36 12500
a contact +45681 +45902 36 15 12500
a contact +45786 +46023 38 35 12500
a contact +45786 +46023 35 38 12500
a contact +45786 +46023 33 36 12500
a contact +45786 +46023 36 33 12500
a contact +46018 +46232 7 33 12500
a contact +46018 +46232 33 7 12500
a contact +46029 +46235 20 45 12500
a contact +46029 +46235 45 20 12500
a contact +46140 +46377 34 46 12500
a contact +46140 +46377 46 34 12500
a contact +46140 +46377 44 32 12500
a contact +46140 +46377 32 44 12500
a contact +46203 +46376 36 16 12500
a contact +46203 +46376 16 36 12500
a contact +46308 +46554 30 43 12500
a contact +46308 +46554 43 30 12500
a contact +46448 +46675 19 36 12500
a contact +46448 +46675 36 19 12500
a contact +46462 +46686 41 29 12500
a contact +46462 +46686 29 41 12500
a contact +46494 +46732 42 45 12500
a contact +46494 +46732 45 42 12500
a contact +46494 +46732 40 47 12500
a contact +46494 +46732 47 40 12500
a contact +46498 +46743 22 39 12500
a contact +46498 +46743 39 22 12500
a contact +46502 +46705 38 12 12500
a contact +46502 +46705 12 38 12500
a contact +46549 +46789 39 31 12500
a contact +46549 +46789 31 39 12500
a contact +46588 +46805 41 1 12500
a contact +46588 +46805 1 41 12500
a contact +46657 +46720 8 38 12500
a contact +46657 +46720 38 8 12500
a contact +46717 +46872 25 36 12500
a contact +46717 +46872 36 25 12500
a contact +46849 +47087 38 41 12500
a contact +46849 +47087 41 38 12500
a contact +46849 +47087 43 36 12500
a contact +46849 +47087 36 43 12500
a contact +46947 +47165 39 14 12500
a contact +46947 +47165 14 39 12500
a contact +47204 +47441 34 37 12500
a contact +47204 +47441 32 39 12500
a contact +47204 +47441 37 34 12500
a contact +47204 +47441 39 32 12500
a contact +47211 +47343 15 39 12500
a contact +47211 +47343 39 15 12500
a contact +47303 +47459 15 32 12500
a contact +47303 +47459 32 15 12500
a contact +47486 +47732 20 44 12500
a contact +47486 +47732 44 20 12500
a contact +47558 +47795 33 45 12500
a contact +47558 +47795 35 47 12500
a contact +47558 +47795 45 33 12500
a contact +47558 +47795 47 35 12500
a contact +47570 +47628 7 32 12500
a contact +47570 +47628 32 7 12500
a contact +47704 +47854 16 39 12500
a contact +47704 +47854 39 16 12500
a contact +47811 +48009 30 42 12500
a contact +47811 +48009 42 30 12500
a contact +47912 +48150 43 46 12500
a contact +47912 +48150 41 44 12500
a contact +47912 +48150 46 43 12500
a contact +47912 +48150 44 41 12500
a contact +47928 +48165 19 39 12500
a contact +47928 +48165 39 19 12500
a contact +47990 +48166 37 12 12500
a contact +47990 +48166 12 37 12500
a contact +47992 +48205 22 38 12500
a contact +47992 +48205 38 22 12500
a contact +48019 +48094 40 29 12500
a contact +48019 +48094 29 40 12500
a contact +48033 +48261 31 38 12500
a contact +48033 +48261 38 31 12500
a contact +48051 +48297 1 40 12500
a contact +48051 +48297 40 1 12500
a contact +48099 +48258 37 8 12500
a contact +48099 +48258 8 37 12500
a contact +48233 +48415 26 38 12500
a contact +48233 +48415 38 26 12500
a contact +48267 +48505 40 37 12500
a contact +48267 +48505 39 42 12500
a contact +48267 +48505 42 39 12500
a contact +48267 +48505 37 40 12500
a contact +48500 +48580 38 14 12500
a contact +48500 +48580 14 38 12500
a contact +48622 +48859 33 36 12500
a contact +48622 +48859 36 33 12500
a contact +48622 +48859 35 38 12500
a contact +48622 +48859 38 35 12500
a contact +48751 +48980 35 15 12500
a contact +48751 +48980 15 35 12500
a contact +48976 +49213 44 32 12500
a contact +48976 +49213 46 34 12500
a contact +48976 +49213 32 44 12500
a contact +48976 +49213 34 46 12500
a contact +48988 +49191 47 20 12500
a contact +48988 +49191 20 47 12500
a contact +49199 +49340 38 16 12500
a contact +49199 +49340 16 38 12500
a contact +49293 +49327 41 10 12500
a contact +49293 +49327 10 41 12500
a contact +49330 +49568 40 47 12500
a contact +49330 +49568 45 42 12500
a contact +49330 +49568 47 40 12500
a contact +49330 +49568 42 45 12500
a contact +49408 +49651 38 19 12500
a contact +49408 +49651 19 38 12500
a contact +49475 +49649 18 37 12500
a contact +49475 +49649 37 18 12500
a contact +49491 +49611 12 36 12500
a contact +49491 +49611 36 12 12500
a contact +49546 +49764 43 1 12500
a contact +49546 +49764 1 43 12500
a contact +49560 +49771 36 8 12500
a contact +49560 +49771 8 36 12500
a contact +49607 +49647 31 37 12500
a contact +49607 +49647 37 31 12500
a contact +49634 +49801 8 43 12500
a contact +49634 +49801 43 8 12500
a contact +49678 +49922 26 37 12500
a contact +49678 +49922 37 26 12500
a contact +49685 +49923 43 36 12500
a contact +49685 +49923 41 38 12500
a contact +49685 +49923 36 43 12500
a contact +49685 +49923 38 41 12500
a contact +49898 +50011 25 41 12500
a contact +49898 +50011 41 25 12500
a contact +50040 +50277 37 34 12500
a contact +50040 +50277 32 39 12500
a contact +50040 +50277 39 32 12500
a contact +50040 +50277 34 37 12500
a contact +50224 +50468 34 15 12500
a contact +50224 +50468 15 34 12500
a contact +50394 +50631 47 35 12500
a contact +50394 +50631 45 33 12500
a contact +50394 +50631 33 45 12500
a contact +50394 +50631 35 47 12500
a contact +50673 +50897 40 10 12500
a contact +50673 +50897 10 40 12500
a contact +50685 +50834 16 37 12500
a contact +50685 +50834 37 16 12500
a contact +50748 +50986 44 41 12500
a contact +50748 +50986 41 44 12500
a contact +50748 +50986 46 43 12500
a contact +50748 +50986 43 46 12500
a contact +50889 +51132 37 19 12500
a contact +50889 +51132 19 37 12500
a contact +50916 +51160 18 36 12500
a contact +50916 +51160 36 18 12500
a contact +51030 +51269 8 39 12500
a contact +51030 +51269 39 8 12500
a contact +51078 +51308 8 42 12500
a contact +51078 +51308 42 8 12500
a contact +51084 +51196 42 1 12500
a contact +51084 +51196 1 42 12500
a contact +51103 +51341 37 40 12500
a contact +51103 +51341 39 42 12500
a contact +51103 +51341 40 37 12500
a contact +51103 +51341 42 39 12500
a contact +51151 +51169 47 23 12500
a contact +51151 +51169 23 47 12500
a contact +51167 +51392 36 26 12500
a contact +51167 +51392 26 36 12500
a contact +51334 +51521 25 40 12500
a contact +51334 +51521 40 25 12500
a contact +51458 +51695 33 36 12500
a contact +51458 +51695 38 35 12500
a contact +51458 +51695 35 38 12500
a contact +51458 +51695 36 33 12500
a contact +51721 +51925 33 15 12500
a contact +51721 +51925 15 33 12500
a contact +51812 +52049 32 44 12500
a contact +51812 +52049 34 46 12500
a contact +51812 +52049 46 34 12500
a contact +51812 +52049 44 32 12500
a contact +52141 +52385 43 10 12500
a contact +52141 +52385 10 43 12500
a contact +52161 +52361 46 9 12500
a contact +52161 +52361 9 46 12500
a contact +52164 +52335 16 36 12500
a contact +52164 +52335 36 16 12500
a contact +52166 +52404 45 42 12500
a contact +52166 +52404 47 40 12500
a contact +52166 +52404 40 47 12500
a contact +52166 +52404 42 45 12500
a contact +52190 +52323 21 43 12500
a contact +52190 +52323 43 21 12500
a contact +52374 +52604 36 19 12500
a contact +52374 +52604 19 36 12500
a contact +52409 +52625 18 39 12500
a contact +52409 +52625 39 18 12500
a contact +52508 +52752 8 38 12500
a contact +52508 +52752 38 8 12500
a contact +52521 +52759 36 43 12500
a contact +52521 +52759 43 36 12500
a contact +52521 +52759 41 38 12500
a contact +52521 +52759 38 41 12500
a contact +52525 +52754 46 23 12500
a contact +52525 +52754 23 46 12500
a contact +52549 +52795 41 8 12500
a contact +52549 +52795 8 41 12500
a contact +52667 +52855 38 1 12500
a contact +52667 +52855 1 38 12500
a contact +52708 +52817 39 26 12500
a contact +52708 +52817 26 39 12500
a contact +52793 +53013 43 25 12500
a contact +52793 +53013 25 43 12500
a contact +52875 +53113 32 39 12500
a contact +52875 +53113 37 34 12500
a contact +52875 +53113 34 37 12500
a contact +52875 +53113 39 32 12500
a contact +53142 +53321 14 32 12500
a contact +53142 +53321 32 14 12500
a contact +53229 +53467 33 45 12500
a contact +53229 +53467 45 33 12500
a contact +53229 +53467 35 47 12500
a contact +53229 +53467 47 35 12500
a contact +53584 +53822 41 44 12500
a contact +53584 +53822 43 46 12500
a contact +53584 +53822 46 43 12500
a contact +53584 +53822 44 41 12500
a contact +53615 +53849 21 42 12500
a contact +53615 +53849 42 21 12500
a contact +53619 +53864 45 9 12500
a contact +53619 +53864 9 45 12500
a contact +53639 +53836 39 16 12500
a contact +53639 +53836 16 39 12500
a contact +53651 +53836 42 10 12500
a contact +53651 +53836 10 42 12500
a contact +53870 +54061 39 19 12500
a contact +53870 +54061 19 39 12500
a contact +53939 +54177 40 37 12500
a contact +53939 +54177 39 42 12500
a contact +53939 +54177 37 40 12500
a contact +53939 +54177 42 39 12500
a contact +53998 +54236 23 45 12500
a contact +53998 +54236 45 23 12500
a contact +54000 +54215 37 8 12500
a contact +54000 +54215 8 37 12500
a contact +54038 +54270 8 40 12500
a contact +54038 +54270 40 8 12500
a contact +54045 +54190 19 42 12500
a contact +54045 +54190 42 19 12500
a contact +54123 +54364 37 1 12500
a contact +54123 +54364 1 37 12500
a contact +54263 +54499 25 42 12500
a contact +54263 +54499 42 25 12500
a contact +54293 +54531 33 36 12500
a contact +54293 +54531 36 33 12500
a contact +54293 +54531 38 35 12500
a contact +54293 +54531 35 38 12500
a contact +54593 +54835 35 14 12500
a contact +54593 +54835 14 35 12500
a contact +54647 +54885 34 46 12500
a contact +54647 +54885 32 44 12500
a contact +54647 +54885 44 32 12500
a contact +54647 +54885 46 34 12500
a contact +54931 +55142 23 39 12500
a contact +54931 +55142 39 23 12500
a contact +55002 +55240 47 40 12500
a contact +55002 +55240 42 45 12500
a contact +55002 +55240 45 42 12500
a contact +55002 +55240 40 47 12500
a contact +55090 +55331 41 21 12500
a contact +55090 +55331 21 41 12500
a contact +55113 +55335 16 38 12500
a contact +55113 +55325 9 44 12500
a contact +55113 +55335 38 16 12500
a contact +55113 +55325 44 9 12500
a contact +55357 +55595 38 41 12500
a contact +55357 +55595 43 36 12500
a contact +55357 +55595 41 38 12500
a contact +55357 +55595 36 43 12500
a contact +55398 +55479 38 19 12500
a contact +55398 +55479 19 38 12500
a contact +55487 +55698 19 41 12500
a contact +55487 +55698 41 19 12500
a contact +55525 +55639 36 8 12500
a contact +55525 +55638 8 36 12500
a contact +55538 +55650 44 23 12500
a contact +55538 +55650 23 44 12500
a contact +55542 +55738 8 43 12500
a contact +55542 +55738 43 8 12500
a contact +55604 +55841 1 36 12500
a contact +55604 +55841 36 1 12500
a contact +55685 +55710 43 12 12500
a contact +55685 +55710 12 43 12500
a contact +55711 +55949 37 34 12500
a contact +55711 +55949 32 39 12500
a contact +55711 +55949 39 32 12500
a contact +55711 +55949 34 37 12500
a contact +55739 +55981 41 25 12500
a contact +55739 +55981 25 41 12500
a contact +55747 +55927 29 36 12500
a contact +55747 +55927 36 29 12500
a contact +55985 +56150 11 36 12500
a contact +55985 +56150 36 11 12500
a contact +56065 +56303 47 35 12500
a contact +56065 +56303 35 47 12500
a contact +56065 +56303 33 45 12500
a contact +56065 +56303 45 33 12500
a contact +56076 +56308 34 14 12500
a contact +56076 +56308 14 34 12500
a contact +56225 +56426 34 27 12500
a contact +56225 +56425 27 34 12500
a contact +56391 +56636 38 23 12500
a contact +56391 +56636 23 38 12500
a contact +56420 +56658 43 46 12500
a contact +56420 +56658 41 44 12500
a contact +56420 +56658 44 41 12500
a contact +56420 +56658 46 43 12500
a contact +56588 +56828 16 37 12500
a contact +56588 +56828 37 16 12500
a contact +56602 +56783 40 21 12500
a contact +56602 +56783 21 40 12500
a contact +56775 +57013 42 39 12500
a contact +56775 +57013 37 40 12500
a contact +56775 +57013 40 37 12500
a contact +56775 +57013 39 42 12500
a contact +56807 +56898 20 43 12500
a contact +56807 +56898 43 20 12500
a contact +56951 +57188 19 40 12500
a contact +56951 +57188 40 19 12500
a contact +57061 +57195 8 42 12500
a contact +57061 +57195 42 8 12500
a contact +57096 +57243 42 12 12500
a contact +57096 +57243 12 42 12500
a contact +57120 +57276 39 1 12500
a contact +57120 +57276 1 39 12500
a contact +57129 +57367 36 33 12500
a contact +57129 +57367 38 35 12500
a contact +57129 +57367 33 36 12500
a contact +57129 +57367 35 38 12500
a contact +57196 +57440 29 39 12500
a contact +57196 +57440 39 29 12500
a contact +57218 +57463 40 25 12500
a contact +57218 +57463 25 40 12500
a contact +57291 +57420 17 43 12500
a contact +57291 +57420 43 17 12500
a contact +57424 +57668 11 39 12500
a contact +57424 +57668 39 11 12500
a contact +57430 +57522 26 33 12500
a contact +57430 +57522 33 26 12500
a contact +57483 +57721 34 46 12500
a contact +57483 +57721 46 34 12500
a contact +57483 +57721 32 44 12500
a contact +57483 +57721 44 32 12500
a contact +57609 +57726 33 14 12500
a contact +57609 +57726 14 33 12500
a contact +57681 +57928 33 27 12500
a contact +57681 +57928 27 33 12500
a contact +57838 +58076 47 40 12500
a contact +57838 +58076 45 42 12500
a contact +57838 +58076 42 45 12500
a contact +57838 +58076 40 47 12500
a contact +57909 +58075 37 23 12500
a contact +57909 +58075 23 37 12500
a contact +57972 +58192 17 33 12500
a contact +57972 +58192 33 17 12500
a contact +57980 +58127 7 43 12500
a contact +57980 +58127 43 7 12500
a contact +58067 +58312 36 16 12500
a contact +58067 +58312 16 36 12500
a contact +58193 +58431 38 41 12500
a contact +58193 +58431 41 38 12500
a contact +58193 +58431 43 36 12500
a contact +58193 +58431 36 43 12500
a contact +58222 +58448 20 42 12500
a contact +58222 +58448 42 20 12500
a contact +58227 +58367 16 43 12500
a contact +58227 +58367 43 16 12500
a contact +58252 +58479 44 28 12500
a contact +58252 +58479 28 44 12500
a contact +58427 +58672 43 19 12500
a contact +58427 +58672 19 43 12500
a contact +58547 +58785 34 37 12500
a contact +58547 +58785 32 39 12500
a contact +58547 +58785 39 32 12500
a contact +58547 +58785 37 34 12500
a contact +58549 +58737 12 41 12500
a contact +58549 +58737 41 12 12500
a contact +58684 +58906 29 38 12500
a contact +58684 +58906 38 29 12500
a contact +58688 +58845 36 30 12500
a contact +58688 +58845 30 36 12500
a contact +58699 +58944 43 25 12500
a contact +58699 +58944 25 43 12500
a contact +58713 +58954 17 42 12500
a contact +58713 +58954 42 17 12500
a contact +58849 +59070 32 26 12500
a contact +58849 +59070 26 32 12500
a contact +58901 +59139 45 33 12500
a contact +58901 +59139 35 47 12500
a contact +58901 +59139 47 35 12500
a contact +58901 +59139 33 45 12500
a contact +58916 +59130 38 11 12500
a contact +58916 +59130 11 38 12500
a contact +59133 +59297 38 28 12500
a contact +59133 +59297 28 38 12500
a contact +59184 +59379 32 27 12500
a contact +59184 +59379 27 32 12500
a contact +59256 +59494 43 46 12500
a contact +59256 +59494 44 41 12500
a contact +59256 +59494 46 43 12500
a contact +59256 +59494 41 44 12500
a contact +59413 +59645 42 7 12500
a contact +59413 +59645 7 42 12500
a contact +59438 +59680 32 17 12500
a contact +59438 +59680 17 32 12500
a contact +59554 +59782 16 39 12500
a contact +59554 +59782 39 16 12500
a contact +59611 +59849 39 42 12500
a contact +59611 +59849 42 39 12500
a contact +59611 +59849 37 40 12500
a contact +59611 +59849 40 37 12500
a contact +59663 +59879 42 16 12500
a contact +59663 +59879 16 42 12500
a contact +59693 +59936 20 41 12500
a contact +59693 +59936 41 20 12500
a contact +59723 +59962 28 47 12500
a contact +59723 +59962 47 28 12500
a contact +59911 +60152 19 42 12500
a contact +59911 +60152 42 19 12500
a contact +59965 +60203 36 33 12500
a contact +59965 +60203 38 35 12500
a contact +59965 +60203 35 38 12500
a contact +59965 +60203 33 36 12500
a contact +59991 +60096 47 11 12500
a contact +59991 +60096 11 47 12500
a contact +60014 +60223 12 40 12500
a contact +60014 +60223 40 12 12500
a contact +60126 +60368 30 39 12500
a contact +60126 +60368 39 30 12500
a contact +60181 +60425 42 25 12500
a contact +60181 +60425 25 42 12500
a contact +60199 +60422 41 17 12500
a contact +60199 +60422 17 41 12500
a contact +60317 +60562 35 26 12500
a contact +60317 +60562 26 35 12500
a contact +60319 +60557 32 44 12500
a contact +60319 +60557 44 32 12500
a contact +60319 +60557 46 34 12500
a contact +60319 +60557 34 46 12500
a contact +60570 +60815 37 28 12500
a contact +60570 +60815 28 37 12500
a contact +60674 +60912 45 42 12500
a contact +60674 +60912 47 40 12500
a contact +60674 +60912 42 45 12500
a contact +60674 +60912 40 47 12500
a contact +60885 +61129 7 41 12500
a contact +60885 +61129 41 7 12500
a contact +60967 +61107 17 35 12500
a contact +60967 +61107 35 17 12500
a contact +61029 +61267 41 38 12500
a contact +61029 +61267 38 41 12500
a contact +61029 +61267 43 36 12500
a contact +61029 +61267 36 43 12500
a contact +61056 +61231 16 38 12500
a contact +61056 +61231 38 16 12500
a contact +61128 +61370 41 16 12500
a contact +61128 +61370 16 41 12500
a contact +61206 +61374 20 40 12500
a contact +61206 +61374 40 20 12500
a contact +61259 +61446 21 38 12500
a contact +61259 +61446 38 21 12500
a contact +61262 +61378 28 46 12500
a contact +61262 +61378 46 28 12500
a contact +61371 +61575 10 38 12500
a contact +61371 +61575 38 10 12500
a contact +61383 +61621 39 32 12500
a contact +61383 +61621 32 39 12500
a contact +61383 +61621 34 37 12500
a contact +61383 +61621 37 34 12500
a contact +61399 +61632 19 41 12500
a contact +61399 +61632 41 19 12500
a contact +61401 +61638 11 46 12500
a contact +61401 +61638 46 11 12500
a contact +61485 +61705 43 12 12500
a contact +61485 +61705 12 43 12500
a contact +61612 +61837 30 38 12500
a contact +61612 +61837 38 30 12500
a contact +61662 +61906 41 25 12500
a contact +61662 +61906 25 41 12500
a contact +61737 +61975 33 45 12500
a contact +61737 +61975 35 47 12500
a contact +61737 +61975 47 35 12500
a contact +61737 +61975 45 33 12500
a contact +61803 +61984 36 24 12500
a contact +61803 +61984 24 36 12500
a contact +61820 +62011 34 26 12500
a contact +61820 +62011 26 34 12500
a contact +61901 +61927 40 27 12500
a contact +61901 +61927 27 40 12500
a contact +61976 +62176 34 31 12500
a contact +61976 +62176 31 34 12500
a contact +62061 +62140 22 34 12500
a contact +62061 +62140 34 22 12500
a contact +62065 +62274 28 36 12500
a contact +62065 +62274 36 28 12500
a contact +62091 +62329 41 44 12500
a contact +62091 +62329 43 46 12500
a contact +62091 +62329 46 43 12500
a contact +62091 +62329 44 41 12500
a contact +62360 +62572 38 9 12500
a contact +62360 +62572 9 38 12500
a contact +62387 +62593 40 7 12500
a contact +62387 +62593 7 40 12500
a contact +62447 +62685 40 37 12500
a contact +62447 +62685 42 39 12500
a contact +62447 +62685 39 42 12500
a contact +62447 +62685 37 40 12500
a contact +62523 +62635 37 7 12500
a contact +62523 +62635 7 37 12500
a contact +62608 +62851 40 16 12500
a contact +62608 +62851 16 40 12500
a contact +62694 +62765 24 45 12500
a contact +62694 +62765 45 24 12500
a contact +62713 +62956 37 21 12500
a contact +62713 +62956 21 37 12500
a contact +62801 +63039 33 36 12500
a contact +62801 +63039 36 33 12500
a contact +62801 +63039 38 35 12500
a contact +62801 +63039 35 38 12500
a contact +62830 +63076 10 37 12500
a contact +62830 +63076 37 10 12500
a contact +62882 +63113 11 45 12500
a contact +62882 +63113 45 11 12500
a contact +62888 +63113 19 40 12500
a contact +62888 +63113 40 19 12500
a contact +62923 +63123 43 13 12500
a contact +62923 +63123 13 43 12500
a contact +62960 +63184 12 42 12500
a contact +62960 +63184 42 12 12500
a contact +63144 +63384 40 25 12500
a contact +63144 +63384 25 40 12500
a contact +63155 +63393 46 34 12500
a contact +63155 +63393 34 46 12500
a contact +63155 +63393 44 32 12500
a contact +63155 +63393 32 44 12500
a contact +63249 +63495 39 24 12500
a contact +63249 +63495 24 39 12500
a contact +63276 +63503 43 27 12500
a contact +63276 +63503 27 43 12500
a contact +63290 +63433 33 18 12500
a contact +63290 +63433 18 33 12500
a contact +63432 +63678 31 33 12500
a contact +63432 +63678 33 31 12500
a contact +63464 +63696 33 22 12500
a contact +63464 +63696 22 33 12500
a contact +63509 +63747 40 47 12500
a contact +63509 +63747 45 42 12500
a contact +63509 +63747 42 45 12500
a contact +63509 +63747 47 40 12500
a contact +63633 +63832 15 43 12500
a contact +63633 +63832 43 15 12500
a contact +63674 +63898 33 13 12500
a contact +63674 +63898 13 33 12500
a contact +63820 +64066 9 37 12500
a contact +63820 +64066 37 9 12500
a contact +63864 +64102 43 36 12500
a contact +63864 +64102 41 38 12500
a contact +63864 +64102 38 41 12500
a contact +63864 +64102 36 43 12500
a contact +63930 +64023 43 7 12500
a contact +63930 +64023 7 43 12500
a contact +63959 +64171 7 36 12500
a contact +63959 +64171 36 7 12500
a contact +64090 +64324 44 24 12500
a contact +64090 +64324 24 44 12500
a contact +64097 +64328 16 43 12500
a contact +64098 +64328 43 16 12500
a contact +64197 +64428 36 21 12500
a contact +64197 +64428 21 36 12500
a contact +64219 +64457 39 32 12500
a contact +64219 +64457 32 39 12500
a contact +64219 +64457 37 34 12500
a contact +64219 +64457 34 37 12500
a contact +64326 +64535 36 10 12500
a contact +64326 +64535 10 36 12500
a contact +64377 +64624 13 42 12500
a contact +64377 +64624 42 13 12500
a contact +64377 +64597 43 19 12500
a contact +64377 +64597 19 43 12500
a contact +64438 +64661 41 12 12500
a contact +64438 +64661 12 41 12500
a contact +64439 +64516 11 44 12500
a contact +64439 +64516 44 11 12500
a contact +64460 +64581 44 29 12500
a contact +64460 +64581 29 44 12500
a contact +64573 +64811 35 47 12500
a contact +64573 +64811 47 35 12500
a contact +64573 +64811 33 45 12500
a contact +64573 +64811 45 33 12500
a contact +64627 +64858 25 43 12500
a contact +64627 +64858 43 25 12500
a contact +64723 +64962 32 18 12500
a contact +64723 +64962 18 32 12500
a contact +64747 +64987 27 42 12500
a contact +64747 +64987 42 27 12500
a contact +64750 +64948 24 38 12500
a contact +64750 +64948 38 24 12500
a contact +64913 +65085 14 42 12500
a contact +64913 +65085 42 14 12500
a contact +64927 +65165 43 46 12500
a contact +64927 +65165 46 43 12500
a contact +64927 +65165 44 41 12500
a contact +64927 +65165 41 44 12500
a contact +64937 +65126 32 31 12500
a contact +64937 +65126 31 32 12500
a contact +64940 +65175 22 32 12500
a contact +64940 +65175 32 22 12500
a contact +65087 +65331 42 15 12500
a contact +65087 +65331 15 42 12500
a contact +65144 +65384 32 13 12500
a contact +65144 +65384 13 32 12500
a contact +65282 +65520 40 37 12500
a contact +65282 +65520 42 39 12500
a contact +65282 +65520 39 42 12500
a contact +65282 +65520 37 40 12500
a contact +65323 +65523 9 36 12500
a contact +65323 +65523 36 9 12500
a contact +65425 +65669 7 39 12500
a contact +65425 +65669 39 7 12500
a contact +65567 +65801 24 47 12500
a contact +65567 +65801 47 24 12500
a contact +65595 +65802 16 42 12500
a contact +65595 +65802 42 16 12500
a contact +65637 +65875 35 38 12500
a contact +65637 +65875 33 36 12500
a contact +65637 +65875 36 33 12500
a contact +65637 +65875 38 35 12500
a contact +65729 +65846 39 21 12500
a contact +65729 +65846 21 39 12500
a contact +65773 +65939 45 30 12500
a contact +65773 +65939 30 45 12500
a contact +65863 +66083 19 42 12500
a contact +65863 +66083 42 19 12500
a contact +65878 +66114 47 29 12500
a contact +65878 +66114 29 47 12500
a contact +65889 +66067 41 13 12500
a contact +65889 +66067 13 41 12500
a contact +65918 +66135 40 12 12500
a contact +65918 +66135 12 40 12500
a contact +65989 +66098 41 22 12500
a contact +65989 +66098 22 41 12500
a contact +65991 +66229 44 32 12500
a contact +65991 +66229 32 44 12500
a contact +65991 +66229 34 46 12500
a contact +65991 +66229 46 34 12500
a contact +66084 +66101 31 41 12500
a contact +66084 +66101 41 31 12500
a contact +66114 +66325 42 25 12500
a contact +66114 +66325 25 42 12500
a contact +66205 +66435 35 18 12500
a contact +66205 +66435 18 35 12500
a contact +66273 +66421 41 27 12500
a contact +66273 +66421 27 41 12500
a contact +66345 +66583 42 45 12500
a contact +66345 +66583 47 40 12500
a contact +66345 +66583 45 42 12500
a contact +66345 +66583 40 47 12500
a contact +66354 +66596 14 41 12500
a contact +66354 +66596 41 14 12500
a contact +66487 +66581 35 22 12500
a contact +66487 +66581 22 35 12500
a contact +66574 +66806 15 41 12500
a contact +66574 +66806 41 15 12500
a contact +66679 +66804 13 35 12500
a contact +66679 +66804 35 13 12500
a contact +66700 +66938 36 43 12500
a contact +66700 +66938 43 36 12500
a contact +66700 +66938 41 38 12500
a contact +66700 +66938 38 41 12500
a contact +66911 +67139 7 38 12500
a contact +66911 +67139 38 7 12500
a contact +66946 +67124 20 35 12500
a contact +66946 +67124 35 20 12500
a contact +67055 +67293 37 34 12500
a contact +67055 +67293 34 37 12500
a contact +67055 +67293 39 32 12500
a contact +67055 +67293 32 39 12500
a contact +67095 +67277 16 41 12500
a contact +67095 +67277 41 16 12500
a contact +67124 +67201 46 24 12500
a contact +67124 +67201 24 46 12500
a contact +67210 +67454 44 30 12500
a contact +67210 +67454 30 44 12500
a contact +67346 +67572 19 41 12500
a contact +67346 +67572 41 19 12500
a contact +67356 +67593 46 29 12500
a contact +67356 +67593 29 46 12500
a contact +67400 +67605 43 12 12500
a contact +67400 +67605 12 43 12500
a contact +67401 +67639 22 40 12500
a contact +67401 +67639 40 22 12500
a contact +67409 +67647 33 45 12500
a contact +67409 +67647 45 33 12500
a contact +67409 +67647 35 47 12500
a contact +67409 +67647 47 35 12500
a contact +67454 +67683 40 31 12500
a contact +67454 +67683 31 40 12500
a contact +67500 +67696 46 1 12500
a contact +67500 +67696 1 46 12500
a contact +67570 +67598 43 8 12500
a contact +67570 +67598 8 43 12500
a contact +67611 +67778 41 25 12500
a contact +67611 +67778 25 41 12500
a contact +67760 +67831 34 18 12500
a contact +67760 +67831 18 34 12500
a contact +67763 +68001 43 46 12500
a contact +67763 +68001 44 41 12500
a contact +67763 +68001 46 43 12500
a contact +67763 +68001 41 44 12500
a contact +67838 +68070 40 14 12500
a contact +67838 +68070 14 40 12500
a contact +68092 +68256 15 40 12500
a contact +68092 +68256 40 15 12500
a contact +68118 +68356 37 40 12500
a contact +68118 +68356 39 42 12500
a contact +68118 +68356 40 37 12500
a contact +68118 +68356 42 39 12500
a contact +68218 +68340 15 37 12500
a contact +68218 +68340 37 15 12500
a contact +68389 +68633 34 20 12500
a contact +68389 +68633 20 34 12500
a contact +68436 +68564 37 7 12500
a contact +68436 +68564 7 37 12500
a contact +68473 +68711 33 36 12500
a contact +68473 +68711 38 35 12500
a contact +68473 +68711 36 33 12500
a contact +68473 +68711 35 38 12500
a contact +68596 +68755 40 16 12500
a contact +68596 +68755 16 40 12500
a contact +68701 +68921 30 47 12500
a contact +68701 +68921 47 30 12500
a contact +68826 +69062 19 40 12500
a contact +68826 +69062 40 19 12500
a contact +68827 +69065 46 34 12500
a contact +68827 +69065 34 46 12500
a contact +68827 +69065 32 44 12500
a contact +68827 +69065 44 32 12500
a contact +68882 +69113 22 43 12500
a contact +68882 +69113 43 22 12500
a contact +68885 +69028 29 45 12500
a contact +68885 +69028 45 29 12500
a contact +68887 +69068 12 42 12500
a contact +68887 +69068 42 12 12500
a contact +68926 +69165 31 43 12500
a contact +68926 +69165 43 31 12500
a contact +68953 +69197 1 45 12500
a contact +68953 +69197 45 1 12500
a contact +69001 +69148 8 42 12500
a contact +69001 +69148 42 8 12500
a contact +69149 +69184 40 25 12500
a contact +69149 +69184 25 40 12500
a contact +69150 +69297 26 43 12500
a contact +69150 +69297 43 26 12500
a contact +69181 +69419 42 45 12500
a contact +69181 +69419 47 40 12500
a contact +69181 +69419 40 47 12500
a contact +69181 +69419 45 42 12500
a contact +69369 +69506 14 43 12500
a contact +69369 +69506 43 14 12500
a contact +69536 +69774 36 43 12500
a contact +69536 +69774 41 38 12500
a contact +69536 +69774 38 41 12500
a contact +69536 +69774 43 36 12500
a contact +69655 +69873 15 36 12500
a contact +69655 +69873 36 15 12500
a contact +69880 +70101 20 33 12500
a contact +69880 +70101 33 20 12500
a contact +69891 +70129 39 32 12500
a contact +69891 +70129 34 37 12500
a contact +69891 +70129 37 34 12500
a contact +69891 +70129 32 39 12500
a contact +70093 +70239 16 43 12500
a contact +70093 +70239 43 16 12500
a contact +70245 +70482 33 45 12500
a contact +70245 +70482 35 47 12500
a contact +70245 +70482 47 35 12500
a contact +70245 +70482 45 33 12500
a contact +70306 +70549 19 43 12500
a contact +70306 +70549 43 19 12500
a contact +70385 +70517 41 12 12500
a contact +70385 +70517 12 41 12500
a contact +70396 +70526 42 18 12500
a contact +70396 +70526 18 42 12500
a contact +70440 +70670 1 44 12500
a contact +70440 +70670 44 1 12500
a contact +70449 +70505 42 22 12500
a contact +70449 +70505 22 42 12500
a contact +70460 +70591 42 31 12500
a contact +70460 +70591 31 42 12500
a contact +70461 +70664 8 41 12500
a contact +70461 +70664 41 8 12500
a contact +70554 +70686 8 44 12500
a contact +70554 +70686 44 8 12500
a contact +70580 +70818 42 26 12500
a contact +70580 +70818 26 42 12500
a contact +70599 +70837 44 41 12500
a contact +70599 +70837 46 43 12500
a contact +70599 +70837 41 44 12500
a contact +70599 +70837 43 46 12500
a contact +70824 +70890 25 46 12500
a contact +70824 +70890 46 25 12500
a contact +70954 +71192 39 42 12500
a contact +70954 +71192 40 37 12500
a contact +70954 +71192 42 39 12500
a contact +70954 +71192 37 40 12500
a contact +71123 +71369 15 39 12500
a contact +71123 +71369 39 15 12500
a contact +71309 +71547 35 38 12500
a contact +71309 +71547 33 36 12500
a contact +71309 +71547 36 33 12500
a contact +71309 +71547 38 35 12500
a contact +71443 +71504 32 20 12500
a contact +71443 +71504 20 32 12500
a contact +71581 +71731 16 42 12500
a contact +71581 +71731 42 16 12500
a contact +71585 +71788 45 10 12500
a contact +71585 +71788 10 45 12500
a contact +71663 +71900 44 32 12500
a contact +71663 +71900 46 34 12500
a contact +71663 +71900 32 44 12500
a contact +71663 +71900 34 46 12500
a contact +71787 +72031 42 19 12500
a contact +71787 +72031 19 42 12500
a contact +71818 +72056 18 41 12500
a contact +71818 +72056 41 18 12500
a contact +71929 +72165 40 8 12500
a contact +71929 +72165 8 40 12500
a contact +71962 +72117 47 1 12500
a contact +71962 +72117 1 47 12500
a contact +71985 +72205 8 47 12500
a contact +71985 +72205 47 8 12500
a contact +72017 +72255 47 40 12500
a contact +72017 +72255 45 42 12500
a contact +72017 +72255 42 45 12500
a contact +72017 +72255 40 47 12500
a contact +72059 +72296 41 26 12500
a contact +72059 +72296 26 41 12500
a contact +72244 +72416 45 25 12500
a contact +72244 +72416 25 45 12500
a contact +72372 +72610 43 36 12500
a contact +72372 +72610 36 43 12500
a contact +72372 +72610 38 41 12500
a contact +72372 +72610 41 38 12500
a contact +72613 +72834 15 38 12500
a contact +72613 +72834 38 15 12500
a contact +72727 +72965 37 34 12500
a contact +72727 +72965 34 37 12500
a contact +72727 +72965 32 39 12500
a contact +72727 +72965 39 32 12500
a contact +73041 +73287 44 10 12500
a contact +73041 +73287 10 44 12500
a contact +73061 +73230 41 16 12500
a contact +73061 +73230 16 41 12500
a contact +73077 +73247 9 32 12500
a contact +73077 +73247 32 9 12500
a contact +73081 +73318 45 33 12500
a contact +73081 +73318 33 45 12500
a contact +73081 +73318 35 47 12500
a contact +73081 +73318 47 35 12500
a contact +73135 +73182 44 21 12500
a contact +73135 +73182 21 44 12500
a contact +73271 +73505 19 41 12500
a contact +73271 +73505 41 19 12500
a contact +73300 +73531 18 40 12500
a contact +73300 +73531 40 18 12500
a contact +73406 +73651 43 8 12500
a contact +73406 +73651 8 43 12500
a contact +73435 +73673 46 43 12500
a contact +73435 +73673 43 46 12500
a contact +73435 +73673 41 44 12500
a contact +73435 +73673 44 41 12500
a contact +73437 +73646 23 32 12500
a contact +73437 +73646 32 23 12500
a contact +73451 +73695 8 46 12500
a contact +73451 +73695 46 8 12500
a contact +73574 +73742 1 43 12500
a contact +73574 +73742 43 1 12500
a contact +73583 +73738 40 26 12500
a contact +73583 +73738 26 40 12500
a contact +73699 +73911 44 25 12500
a contact +73699 +73911 25 44 12500
a contact +73790 +74028 39 42 12500
a contact +73790 +74028 40 37 12500
a contact +73790 +74028 37 40 12500
a contact +73790 +74028 42 39 12500
a contact +74057 +74204 14 37 12500
a contact +74057 +74204 37 14 12500
a contact +74145 +74383 36 33 12500
a contact +74145 +74383 38 35 12500
a contact +74145 +74383 33 36 12500
a contact +74145 +74383 35 38 12500
a contact +74152 +74243 37 15 12500
a contact +74152 +74243 15 37 12500
a contact +74499 +74736 34 46 12500
a contact +74499 +74736 32 44 12500
a contact +74499 +74736 44 32 12500
a contact +74499 +74736 46 34 12500
a contact +74523 +74743 47 21 12500
a contact +74523 +74743 21 47 12500
a contact +74523 +74764 35 9 12500
a contact +74523 +74764 9 35 12500
a contact +74537 +74731 16 40 12500
a contact +74537 +74731 40 16 12500
a contact +74539 +74749 47 10 12500
a contact +74539 +74749 10 47 12500
a contact +74764 +74965 19 40 12500
a contact +74764 +74965 40 19 12500
a contact +74847 +74946 43 18 12500
a contact +74847 +74946 18 43 12500
a contact +74853 +75091 42 45 12500
a contact +74853 +75091 47 40 12500
a contact +74853 +75091 45 42 12500
a contact +74853 +75091 40 47 12500
a contact +74895 +75119 8 42 12500
a contact +74895 +75119 42 8 12500
a contact +74897 +75142 35 23 12500
a contact +74897 +75142 23 35 12500
a contact +74935 +75173 8 45 12500
a contact +74935 +75173 45 8 12500
a contact +74966 +75075 19 47 12500
a contact +74966 +75075 47 19 12500
a contact +75024 +75259 42 1 12500
a contact +75024 +75259 1 42 12500
a contact +75166 +75398 47 25 12500
a contact +75166 +75398 25 47 12500
a contact +75208 +75446 43 36 12500
a contact +75208 +75446 38 41 12500
a contact +75208 +75446 41 38 12500
a contact +75208 +75446 36 43 12500
a contact +75496 +75730 14 36 12500
a contact +75496 +75730 36 14 12500
a contact +75563 +75800 32 39 12500
a contact +75563 +75800 37 34 12500
a contact +75563 +75800 34 37 12500
a contact +75563 +75800 39 32 12500
a contact +75844 +76027 23 40 12500
a contact +75844 +76027 40 23 12500
a contact +75917 +76154 47 35 12500
a contact +75917 +76154 33 45 12500
a contact +75917 +76154 35 47 12500
a contact +75917 +76154 45 33 12500
a contact +75988 +76234 46 21 12500
a contact +75988 +76234 21 46 12500
a contact +76007 +76236 9 34 12500
a contact +76007 +76236 34 9 12500
a contact +76012 +76231 43 16 12500
a contact +76012 +76231 16 43 12500
a contact +76271 +76509 46 43 12500
a contact +76271 +76509 43 46 12500
a contact +76271 +76509 41 44 12500
a contact +76271 +76509 44 41 12500
a contact +76280 +76397 43 19 12500
a contact +76280 +76397 19 43 12500
a contact +76395 +76593 46 19 12500
a contact +76395 +76593 19 46 12500
a contact +76409 +76555 41 8 12500
a contact +76409 +76555 8 41 12500
a contact +76412 +76580 23 34 12500
a contact +76412 +76580 34 23 12500
a contact +76434 +76643 8 44 12500
a contact +76434 +76643 44 8 12500
a contact +76501 +76743 41 1 12500
a contact +76501 +76743 1 41 12500
a contact +76626 +76864 39 42 12500
a contact +76626 +76864 40 37 12500
a contact +76626 +76864 42 39 12500
a contact +76626 +76864 37 40 12500
a contact +76641 +76881 25 46 12500
a contact +76641 +76881 46 25 12500
a contact +76661 +76809 29 41 12500
a contact +76661 +76809 41 29 12500
a contact +76905 +77025 41 11 12500
a contact +76905 +77025 11 41 12500
a contact +76972 +77213 14 39 12500
a contact +76972 +77213 39 14 12500
a contact +76981 +77218 35 38 12500
a contact +76981 +77218 36 33 12500
a contact +76981 +77218 38 35 12500
a contact +76981 +77218 33 36 12500
a contact +77139 +77310 39 27 12500
a contact +77139 +77310 27 39 12500
a contact +77289 +77536 43 23 12500
a contact +77289 +77536 23 43 12500
a contact +77335 +77572 32 44 12500
a contact +77335 +77572 44 32 12500
a contact +77335 +77572 46 34 12500
a contact +77335 +77572 34 46 12500
a contact +77487 +77725 16 42 12500
a contact +77487 +77725 42 16 12500
a contact +77490 +77695 21 45 12500
a contact +77490 +77695 45 21 12500
a contact +77552 +77641 33 9 12500
a contact +77552 +77641 9 33 12500
a contact +77689 +77927 47 40 12500
a contact +77689 +77927 40 47 12500
a contact +77689 +77927 42 45 12500
a contact +77689 +77927 45 42 12500
a contact +77854 +78087 19 45 12500
a contact +77854 +78087 45 19 12500
a contact +77948 +78105 47 8 12500
a contact +77948 +78105 8 47 12500
a contact +78006 +78190 1 40 12500
a contact +78006 +78190 40 1 12500
a contact +78009 +78135 47 12 12500
a contact +78009 +78135 12 47 12500
a contact +78044 +78282 38 41 12500
a contact +78044 +78282 43 36 12500
a contact +78044 +78282 41 38 12500
a contact +78044 +78282 36 43 12500
a contact +78097 +78335 29 40 12500
a contact +78097 +78335 40 29 12500
a contact +78119 +78363 45 25 12500
a contact +78119 +78363 25 45 12500
a contact +78326 +78564 40 11 12500
a contact +78326 +78564 11 40 12500
a contact +78399 +78636 37 34 12500
a contact +78399 +78636 39 32 12500
a contact +78399 +78636 32 39 12500
a contact +78399 +78636 34 37 12500
a contact +78486 +78649 38 14 12500
a contact +78486 +78649 14 38 12500
a contact +78583 +78827 38 27 12500
a contact +78583 +78827 27 38 12500
a contact +78753 +78990 35 47 12500
a contact +78753 +78990 45 33 12500
a contact +78753 +78990 47 35 12500
a contact +78753 +78990 33 45 12500
a contact +78792 +78990 42 23 12500
a contact +78792 +78990 23 42 12500
a contact +78883 +79081 17 38 12500
a contact +78883 +79081 38 17 12500
a contact +78911 +79000 7 44 12500
a contact +78911 +79000 44 7 12500
a contact +78965 +79210 16 41 12500
a contact +78965 +79211 41 16 12500
a contact +79107 +79345 43 46 12500
a contact +79107 +79345 41 44 12500
a contact +79107 +79345 44 41 12500
a contact +79107 +79345 46 43 12500
a contact +79130 +79340 20 47 12500
a contact +79130 +79340 47 20 12500
a contact +79152 +79246 44 16 12500
a contact +79152 +79246 16 44 12500
a contact +79164 +79370 28 34 12500
a contact +79164 +79370 34 28 12500
a contact +79328 +79572 44 19 12500
a contact +79328 +79572 19 44 12500
a contact +79457 +79634 12 46 12500
a contact +79457 +79634 46 12 12500
a contact +79462 +79700 42 39 12500
a contact +79462 +79700 40 37 12500
a contact +79462 +79700 39 42 12500
a contact +79462 +79700 37 40 12500
a contact +79486 +79547 46 8 12500
a contact +79486 +79547 8 46 12500
a contact +79577 +79812 43 29 12500
a contact +79577 +79812 29 43 12500
a contact +79600 +79844 25 44 12500
a contact +79600 +79844 44 25 12500
a contact +79609 +79719 30 41 12500
a contact +79609 +79719 41 30 12500
a contact +79620 +79849 17 47 12500
a contact +79620 +79849 47 17 12500
a contact +79756 +79961 26 37 12500
a contact +79756 +79961 37 26 12500
a contact +79807 +80037 43 11 12500
a contact +79807 +80037 11 43 12500
a contact +79817 +80054 36 33 12500
a contact +79817 +80054 38 35 12500
a contact +79817 +80054 33 36 12500
a contact +79817 +80054 35 38 12500
a contact +80058 +80170 43 28 12500
a contact +80058 +80170 28 43 12500
a contact +80073 +80290 27 37 12500
a contact +80073 +80290 37 27 12500
a contact +80171 +80408 32 44 12500
a contact +80171 +80408 34 46 12500
a contact +80171 +80408 44 32 12500
a contact +80171 +80408 46 34 12500
a contact +80320 +80540 47 7 12500
a contact +80320 +80540 7 47 12500
a contact +80336 +80583 37 17 12500
a contact +80336 +80583 17 37 12500
a contact +80450 +80684 40 16 12500
a contact +80450 +80684 16 40 12500
a contact +80525 +80763 47 40 12500
a contact +80525 +80763 42 45 12500
a contact +80525 +80763 40 47 12500
a contact +80525 +80763 45 42 12500
a contact +80572 +80774 16 47 12500
a contact +80572 +80774 47 16 12500
a contact +80592 +80838 46 20 12500
a contact +80592 +80838 20 46 12500
a contact +80622 +80868 28 33 12500
a contact +80622 +80868 33 28 12500
a contact +80810 +81053 47 19 12500
a contact +80810 +81053 19 47 12500
a contact +80880 +81118 36 43 12500
a contact +80880 +81118 43 36 12500
a contact +80880 +81118 41 38 12500
a contact +80880 +81118 38 41 12500
a contact +80919 +81122 45 12 12500
a contact +80919 +81122 12 45 12500
a contact +81029 +81262 30 40 12500
a contact +81029 +81262 40 30 12500
a contact +81081 +81326 25 47 12500
a contact +81081 +81326 47 25 12500
a contact +81093 +81331 17 46 12500
a contact +81093 +81331 46 17 12500
a contact +81114 +81226 42 29 12500
a contact +81114 +81226 29 42 12500
a contact +81216 +81462 36 26 12500
a contact +81216 +81462 26 36 12500
a contact +81235 +81472 37 34 12500
a contact +81235 +81472 32 39 12500
a contact +81235 +81472 39 32 12500
a contact +81235 +81472 34 37 12500
a contact +81379 +81418 42 11 12500
a contact +81379 +81418 11 42 12500
a contact +81472 +81711 28 42 12500
a contact +81472 +81711 42 28 12500
a contact +81588 +81826 45 33 12500
a contact +81588 +81826 47 35 12500
a contact +81588 +81826 33 45 12500
a contact +81588 +81826 35 47 12500
a contact +81785 +82031 7 46 12500
a contact +81785 +82031 46 7 12500
a contact +81846 +82027 17 36 12500
a contact +81846 +82027 36 17 12500
a contact +81943 +82181 46 43 12500
a contact +81943 +82181 44 41 12500
a contact +81943 +82181 43 46 12500
a contact +81943 +82181 41 44 12500
a contact +81948 +82138 43 16 12500
a contact +81948 +82138 16 43 12500
a contact +82031 +82269 16 46 12500
a contact +82031 +82269 46 16 12500
a contact +82093 +82291 45 20 12500
a contact +82093 +82291 20 45 12500
a contact +82137 +82307 28 32 12500
a contact +82137 +82307 32 28 12500
a contact +82168 +82332 43 21 12500
a contact +82168 +82332 21 43 12500
a contact +82279 +82462 10 43 12500
a contact +82279 +82462 43 10 12500
a contact +82297 +82533 46 19 12500
a contact +82297 +82533 19 46 12500
a contact +82298 +82536 37 40 12500
a contact +82298 +82536 42 39 12500
a contact +82298 +82536 40 37 12500
a contact +82298 +82536 39 42 12500
a contact +82311 +82534 32 11 12500
a contact +82311 +82534 11 32 12500
a contact +82389 +82605 12 44 12500
a contact +82389 +82605 44 12 12500
a contact +82505 +82742 43 30 12500
a contact +82505 +82742 30 43 12500
a contact +82562 +82806 46 25 12500
a contact +82562 +82806 25 46 12500
a contact +82638 +82742 17 45 12500
a contact +82638 +82742 45 17 12500
a contact +82653 +82890 36 33 12500
a contact +82653 +82890 38 35 12500
a contact +82653 +82890 35 38 12500
a contact +82653 +82890 33 36 12500
a contact +82710 +82923 39 26 12500
a contact +82710 +82923 26 39 12500
a contact +82722 +82863 41 24 12500
a contact +82722 +82863 24 41 12500
a contact +82891 +83061 39 31 12500
a contact +82891 +83061 31 39 12500
a contact +82955 +83183 41 28 12500
a contact +82955 +83183 28 41 12500
a contact +83006 +83244 44 32 12500
a contact +83006 +83244 46 34 12500
a contact +83006 +83244 34 46 12500
a contact +83006 +83244 32 44 12500
a contact +83271 +83459 43 9 12500
a contact +83271 +83459 9 43 12500
a contact +83279 +83501 45 7 12500
a contact +83279 +83501 7 45 12500
a contact +83361 +83599 40 47 12500
a contact +83361 +83599 42 45 12500
a contact +83361 +83599 45 42 12500
a contact +83361 +83599 47 40 12500
a contact +83442 +83508 7 42 12500
a contact +83442 +83508 42 7 12500
a contact +83505 +83528 42 16 12500
a contact +83505 +83528 16 42 12500
a contact +83507 +83752 45 16 12500
a contact +83507 +83752 16 45 12500
a contact +83614 +83851 21 42 12500
a contact +83614 +83851 42 21 12500
a contact +83716 +83954 43 36 12500
a contact +83716 +83954 38 41 12500
a contact +83716 +83954 36 43 12500
a contact +83716 +83954 41 38 12500
a contact +83730 +83974 42 10 12500
a contact +83730 +83974 10 42 12500
a contact +83779 +84021 11 35 12500
a contact +83779 +84021 35 11 12500
a contact +83786 +84014 45 19 12500
a contact +83786 +84014 19 45 12500
a contact +83842 +84006 44 13 12500
a contact +83842 +84006 13 44 12500
a contact +83863 +84085 47 12 12500
a contact +83863 +84085 12 47 12500
a contact +84040 +84158 30 42 12500
a contact +84040 +84158 42 30 12500
a contact +84044 +84285 25 45 12500
a contact +84044 +84285 45 25 12500
a contact +84071 +84308 39 32 12500
a contact +84071 +84308 37 34 12500
a contact +84071 +84308 34 37 12500
a contact +84071 +84308 32 39 12500
a contact +84150 +84392 24 40 12500
a contact +84150 +84392 40 24 12500
a contact +84187 +84395 27 44 12500
a contact +84187 +84395 44 27 12500
a contact +84222 +84300 38 18 12500
a contact +84222 +84300 18 38 12500
a contact +84333 +84577 38 31 12500
a contact +84333 +84577 31 38 12500
a contact +84371 +84588 22 38 12500
a contact +84371 +84588 38 22 12500
a contact +84424 +84662 33 45 12500
a contact +84424 +84662 35 47 12500
a contact +84424 +84662 45 33 12500
a contact +84424 +84662 47 35 12500
a contact +84549 +84720 15 44 12500
a contact +84549 +84720 44 15 12500
a contact +84585 +84789 13 38 12500
a contact +84585 +84789 38 13 12500
a contact +84719 +84964 42 9 12500
a contact +84719 +84964 9 42 12500
a contact +84779 +85017 41 44 12500
a contact +84779 +85017 43 46 12500
a contact +84779 +85017 46 43 12500
a contact +84779 +85017 44 41 12500
a contact +84805 +84945 7 44 12500
a contact +84805 +84945 44 7 12500
a contact +84862 +85062 41 7 12500
a contact +84862 +85062 7 41 12500
a contact +84994 +85230 44 16 12500
a contact +84994 +85230 16 44 12500
a contact +85001 +85218 24 34 12500
a contact +85001 +85218 34 24 12500
a contact +85092 +85331 21 41 12500
a contact +85092 +85331 41 21 12500
a contact +85134 +85372 42 39 12500
a contact +85134 +85372 37 40 12500
a contact +85134 +85372 39 42 12500
a contact +85134 +85372 40 37 12500
a contact +85217 +85442 10 41 12500
a contact +85217 +85442 41 10 12500
a contact +85275 +85497 19 44 12500
a contact +85275 +85497 44 19 12500
a contact +85279 +85524 13 47 12500
a contact +85279 +85524 47 13 12500
a contact +85306 +85452 11 34 12500
a contact +85306 +85452 34 11 12500
a contact +85340 +85562 12 46 12500
a contact +85340 +85562 46 12 12500
a contact +85489 +85726 38 35 12500
a contact +85489 +85726 35 38 12500
a contact +85489 +85726 36 33 12500
a contact +85489 +85726 33 36 12500
a contact +85527 +85760 44 25 12500
a contact +85527 +85760 25 44 12500
a contact +85628 +85856 18 37 12500
a contact +85628 +85856 37 18 12500
a contact +85638 +85858 24 43 12500
a contact +85638 +85858 43 24 12500
a contact +85645 +85891 47 27 12500
a contact +85645 +85891 27 47 12500
a contact +85825 +86039 37 31 12500
a contact +85825 +86039 31 37 12500
a contact +85836 +86080 37 22 12500
a contact +85836 +86080 22 37 12500
a contact +85837 +85964 14 47 12500
a contact +85837 +85964 47 14 12500
a contact +85842 +86080 32 44 12500
a contact +85842 +86080 46 34 12500
a contact +85842 +86080 34 46 12500
a contact +85842 +86080 44 32 12500
a contact +85991 +86230 47 15 12500
a contact +85991 +86230 15 47 12500
a contact +86041 +86287 37 13 12500
a contact +86041 +86287 13 37 12500
a contact +86197 +86400 47 40 12500
a contact +86197 +86400 42 45 12500
a contact +86197 +86400 45 42 12500
a contact +86197 +86400 40 47 12500
a contact +86212 +86400 9 41 12500
a contact +86212 +86400 41 9 12500
a contact +86324 +86400 40 7 12500
a contact +86324 +86400 7 40 12500
