A
a contact 0.0 15133.383 1 7 1000
a contact 0.0 15158.08 1 6 1000
a contact 0.0 15218.814 1 4 1000
a contact 0.0 29286.718 3 7 1000
a contact 0.0 29144.602 3 4 1000
a contact 0.0 29130.072 3 6 1000
a contact 0.0 15214.534 4 1 1000
a contact 0.0 29140.102 4 3 1000
a contact 0.0 95.56 5 20 1000
a contact 0.0 100.374 5 21 1000
a contact 0.0 29125.581 6 3 1000
a contact 0.0 15153.805 6 1 1000
a contact 0.0 15129.139 7 1 1000
a contact 0.0 29282.228 7 3 1000
a contact 0.0 398.335 17 25 1000
a contact 0.0 95.562 20 5 1000
a contact 0.0 100.376 21 5 1000
a contact 0.0 398.336 25 17 1000
a contact 964.51 1479.348 16 24 1000
a contact 964.637 1479.537 16 20 1000
a contact 964.638 1479.538 20 16 1000
a contact 964.511 1479.349 24 16 1000
a contact 1123.405 1540.783 16 23 1000
a contact 1123.407 1540.785 23 16 1000
a contact 1229.422 1818.759 5 18 1000
a contact 1229.424 1818.761 18 5 1000
a contact 1230.766 1823.565 5 19 1000
a contact 1230.768 1823.566 19 5 1000
a contact 1578.021 2029.505 14 20 1000