# From 0 to 1
1 1 2 10 3 
8 1 2 20 20 
1 1 2 20 12 
8 1 2 40 43 
1 1 2 30 23 
4 1 2 40 36 
8 1 2 60 66 
1 1 2 50 46 
4 1 2 50 48 
5 1 2 60 62 
8 1 2 80 86 
1 1 2 60 56 
4 1 2 60 59 
5 1 2 80 85 
7 1 2 60 65 
1 1 2 70 68 
4 1 2 70 71 
7 1 2 70 76 


# From 0 to 2
1 1 3 10 3 
8 1 3 10 10 
1 1 3 20 12 
8 1 3 20 22 
1 1 3 30 24 
7 1 3 20 18 
8 1 3 40 44 
6 1 3 50 55 
1 1 3 40 34 
7 1 3 30 33 
7 1 3 60 64 
8 1 3 60 66 
6 1 3 60 63 
1 1 3 50 45 
5 1 3 30 30 
7 1 3 70 75 
5 1 3 60 62 
8 1 3 70 77 
2 1 3 60 57 
6 1 3 100 107 
1 1 3 60 56 
5 1 3 40 39 
5 1 3 80 85 
7 1 3 100 108 
8 1 3 80 86 
2 1 3 90 90 
1 1 3 70 67 
5 1 3 50 52 
5 1 3 90 95 
8 1 3 90 99 
2 1 3 100 101 
1 1 3 90 89 


# From 0 to 3
1 1 4 10 2 
7 1 4 20 19 
1 1 4 20 12 
7 1 4 30 32 
8 1 4 20 22 
1 1 4 30 23 
7 1 4 60 65 
8 1 4 40 43 
2 1 4 30 25 
1 1 4 50 46 
5 1 4 70 73 
7 1 4 70 75 
8 1 4 60 66 
2 1 4 40 35 
1 1 4 60 56 
5 1 4 90 96 
8 1 4 70 77 
2 1 4 60 58 
1 1 4 70 68 
8 1 4 80 87 
2 1 4 70 69 
8 1 4 90 99 
2 1 4 100 102 


# From 0 to 4
1 1 5 10 2 
7 1 5 10 8 
1 1 5 20 12 
7 1 5 20 19 
8 1 5 20 20 
1 1 5 30 23 
4 1 5 50 49 
7 1 5 30 33 
2 1 5 30 25 
8 1 5 40 43 
1 1 5 50 46 
4 1 5 60 59 
7 1 5 60 65 
2 1 5 40 35 
8 1 5 60 66 
1 1 5 60 56 
4 1 5 70 71 
7 1 5 70 75 
2 1 5 60 58 
8 1 5 70 77 
1 1 5 70 68 
4 1 5 90 94 
7 1 5 100 109 
2 1 5 70 69 
8 1 5 80 87 
1 1 5 90 89 
4 1 5 100 103 
2 1 5 80 78 
8 1 5 90 99 
6 1 5 100 106 
2 1 5 90 91 
2 1 5 100 102 


# From 0 to 5
1 1 6 10 1 
1 1 6 20 12 
8 1 6 20 21 
1 1 6 30 24 
8 1 6 40 43 
1 1 6 40 34 
4 1 6 50 49 
8 1 6 60 66 
7 1 6 60 64 
1 1 6 50 45 
5 1 6 50 52 
4 1 6 60 59 
5 1 6 60 61 
8 1 6 70 77 
3 1 6 80 82 
7 1 6 70 75 
1 1 6 60 56 
4 1 6 70 71 
5 1 6 70 72 
8 1 6 80 88 
3 1 6 90 92 
7 1 6 90 98 
1 1 6 70 67 
4 1 6 100 104 
5 1 6 80 84 
8 1 6 90 99 
1 1 6 90 89 
5 1 6 90 95 


# From 0 to 6
1 1 7 10 2 
1 1 7 20 12 
8 1 7 20 22 
1 1 7 40 34 
8 1 7 40 44 
1 1 7 50 45 
8 1 7 60 66 
1 1 7 60 56 
5 1 7 60 62 
8 1 7 70 77 
1 1 7 70 68 
2 1 7 60 57 
5 1 7 70 74 
8 1 7 80 88 
1 1 7 90 89 
2 1 7 70 70 
5 1 7 80 85 
8 1 7 90 99 
6 1 7 100 107 
2 1 7 90 91 
5 1 7 90 96 
2 1 7 100 102 
4 1 7 100 104 


# From 0 to 7
1 1 8 10 3 
1 1 8 20 12 
1 1 8 30 23 
2 1 8 30 25 
1 1 8 50 46 
4 1 8 50 50 
2 1 8 40 35 
1 1 8 60 56 
4 1 8 60 60 
2 1 8 60 58 
7 1 8 60 65 
1 1 8 70 68 
4 1 8 70 71 
2 1 8 70 70 
5 1 8 60 62 
7 1 8 70 76 
1 1 8 90 89 
4 1 8 90 94 
2 1 8 80 78 
5 1 8 70 74 
7 1 8 100 110 
6 1 8 100 107 
5 1 8 90 97 
4 1 8 100 104 
2 1 8 90 91 
2 1 8 100 102 


# From 1 to 0
2 2 1 30 26 
6 2 1 30 31 
2 2 1 40 35 
6 2 1 40 41 
8 2 1 40 43 
2 2 1 60 58 
6 2 1 50 54 
4 2 1 50 49 
8 2 1 60 66 
2 2 1 70 69 
6 2 1 60 63 
5 2 1 50 51 
4 2 1 60 59 
5 2 1 60 61 
8 2 1 70 77 
5 2 1 70 72 
2 2 1 80 78 
6 2 1 100 105 
4 2 1 70 71 
8 2 1 80 87 
5 2 1 80 84 
2 2 1 100 100 
4 2 1 90 93 
8 2 1 90 99 
5 2 1 90 96 
4 2 1 100 104 


# From 1 to 2
2 2 3 30 26 
6 2 3 50 55 
2 2 3 40 35 
6 2 3 60 63 
8 2 3 40 44 
2 2 3 60 57 
6 2 3 100 107 
7 2 3 60 64 
8 2 3 60 66 
2 2 3 90 90 
7 2 3 100 108 
7 2 3 70 75 
5 2 3 60 62 
8 2 3 70 77 
2 2 3 100 101 
5 2 3 80 85 
8 2 3 80 86 
5 2 3 90 95 
8 2 3 90 99 


# From 1 to 3
2 2 4 30 25 
2 2 4 40 35 
8 2 4 40 43 
2 2 4 60 58 
8 2 4 60 66 
2 2 4 70 69 
5 2 4 70 73 
8 2 4 70 77 
2 2 4 100 102 
5 2 4 90 96 
8 2 4 80 87 
8 2 4 90 99 


# From 1 to 4
2 2 5 30 25 
4 2 5 50 49 
2 2 5 40 35 
4 2 5 60 59 
8 2 5 40 43 
2 2 5 60 58 
4 2 5 70 71 
8 2 5 60 66 
2 2 5 70 69 
8 2 5 70 77 
4 2 5 90 94 
2 2 5 80 78 
8 2 5 80 87 
4 2 5 100 103 
2 2 5 90 91 
8 2 5 90 99 
7 2 5 100 109 
2 2 5 100 102 


# From 1 to 5
2 2 6 30 26 
2 2 6 40 35 
8 2 6 40 43 
2 2 6 60 57 
4 2 6 50 49 
8 2 6 60 66 
7 2 6 60 64 
2 2 6 70 69 
5 2 6 50 52 
4 2 6 60 59 
5 2 6 60 61 
8 2 6 70 77 
3 2 6 80 82 
7 2 6 70 75 
5 2 6 70 72 
2 2 6 90 91 
4 2 6 70 71 
1 2 6 60 56 
8 2 6 80 88 
3 2 6 90 92 
7 2 6 90 98 
1 2 6 70 67 
5 2 6 80 84 
2 2 6 100 102 
4 2 6 100 104 
8 2 6 90 99 
1 2 6 90 89 
5 2 6 90 95 


# From 1 to 6
2 2 7 30 26 
6 2 7 30 31 
2 2 7 40 35 
1 2 7 40 34 
6 2 7 40 41 
8 2 7 40 44 
2 2 7 60 57 
1 2 7 50 45 
6 2 7 50 54 
8 2 7 60 66 
2 2 7 70 70 
1 2 7 60 56 
6 2 7 60 63 
5 2 7 60 62 
8 2 7 70 77 
2 2 7 90 91 
1 2 7 70 68 
6 2 7 100 107 
5 2 7 70 74 
8 2 7 80 88 
2 2 7 100 102 
1 2 7 90 89 
5 2 7 80 85 
8 2 7 90 99 
4 2 7 100 104 
5 2 7 90 96 


# From 1 to 7
2 2 8 30 25 
4 2 8 50 50 
2 2 8 40 35 
4 2 8 60 60 
2 2 8 60 58 
4 2 8 70 71 
2 2 8 70 70 
4 2 8 90 94 
7 2 8 70 76 
2 2 8 80 78 
5 2 8 90 97 
4 2 8 100 104 
7 2 8 100 110 
2 2 8 90 91 
6 2 8 100 107 
2 2 8 100 102 


# From 2 to 0
3 3 1 10 4 
3 3 1 20 14 
8 3 1 20 21 
3 3 1 30 29 
6 3 1 30 31 
8 3 1 40 43 
3 3 1 50 47 
6 3 1 40 41 
4 3 1 50 49 
8 3 1 60 66 
3 3 1 80 81 
6 3 1 50 54 
5 3 1 50 51 
4 3 1 60 59 
5 3 1 60 61 
8 3 1 70 77 
5 3 1 80 84 
3 3 1 90 92 
6 3 1 60 63 
4 3 1 70 71 
5 3 1 70 72 
8 3 1 80 87 
5 3 1 90 96 
6 3 1 100 105 
2 3 1 60 58 
4 3 1 90 93 
8 3 1 90 99 
2 3 1 70 69 
4 3 1 100 104 
2 3 1 80 78 
2 3 1 100 100 


# From 2 to 1
3 3 2 10 5 
5 3 2 10 7 
3 3 2 20 13 
8 3 2 20 20 
5 3 2 20 16 
3 3 2 30 27 
8 3 2 40 43 
4 3 2 40 36 
5 3 2 40 38 
3 3 2 50 47 
8 3 2 60 66 
4 3 2 50 48 
5 3 2 60 62 
3 3 2 80 79 
8 3 2 80 86 
4 3 2 60 59 
5 3 2 80 85 
4 3 2 70 71 


# From 2 to 3
3 3 4 10 5 
5 3 4 20 16 
3 3 4 20 13 
5 3 4 30 30 
2 3 4 30 25 
3 3 4 30 27 
5 3 4 40 38 
2 3 4 40 35 
3 3 4 50 47 
5 3 4 70 73 
8 3 4 40 43 
2 3 4 60 58 
8 3 4 60 66 
3 3 4 80 80 
5 3 4 90 96 
2 3 4 70 69 
8 3 4 70 77 
2 3 4 100 102 
8 3 4 80 87 
8 3 4 90 99 


# From 2 to 4
3 3 5 10 5 
3 3 5 20 13 
2 3 5 30 25 
3 3 5 30 28 
4 3 5 50 49 
2 3 5 40 35 
3 3 5 50 47 
4 3 5 60 59 
8 3 5 40 43 
2 3 5 60 58 
8 3 5 60 66 
3 3 5 80 81 
4 3 5 70 71 
2 3 5 70 69 
8 3 5 70 77 
3 3 5 90 92 
4 3 5 90 94 
2 3 5 80 78 
8 3 5 80 87 
6 3 5 100 106 
4 3 5 100 103 
2 3 5 90 91 
8 3 5 90 99 
7 3 5 100 109 
2 3 5 100 102 


# From 2 to 5
3 3 6 10 4 
1 3 6 10 1 
3 3 6 20 14 
1 3 6 20 12 
8 3 6 20 21 
3 3 6 30 29 
1 3 6 30 24 
8 3 6 40 43 
3 3 6 80 82 
1 3 6 40 34 
4 3 6 50 49 
8 3 6 60 66 
3 3 6 90 92 
7 3 6 60 64 
1 3 6 50 45 
5 3 6 50 52 
4 3 6 60 59 
5 3 6 60 61 
8 3 6 70 77 
7 3 6 70 75 
1 3 6 60 56 
4 3 6 70 71 
5 3 6 70 72 
8 3 6 80 88 
7 3 6 90 98 
1 3 6 70 67 
4 3 6 100 104 
5 3 6 80 84 
8 3 6 90 99 
1 3 6 90 89 
5 3 6 90 95 


# From 2 to 6
3 3 7 10 4 
1 3 7 10 2 
3 3 7 20 14 
1 3 7 20 12 
8 3 7 20 22 
3 3 7 30 28 
1 3 7 40 34 
8 3 7 40 44 
5 3 7 40 40 
3 3 7 50 47 
1 3 7 50 45 
8 3 7 60 66 
5 3 7 50 51 
3 3 7 80 79 
1 3 7 60 56 
5 3 7 60 62 
8 3 7 70 77 
2 3 7 90 91 
3 3 7 90 92 
1 3 7 70 68 
2 3 7 60 57 
5 3 7 70 74 
8 3 7 80 88 
2 3 7 100 102 
6 3 7 100 107 
1 3 7 90 89 
2 3 7 70 70 
5 3 7 80 85 
8 3 7 90 99 
4 3 7 100 104 
5 3 7 90 96 


# From 2 to 7
3 3 8 10 4 
1 3 8 10 3 
3 3 8 20 14 
1 3 8 20 12 
3 3 8 30 27 
1 3 8 30 23 
2 3 8 30 25 
3 3 8 50 47 
1 3 8 50 46 
4 3 8 50 50 
2 3 8 40 35 
3 3 8 80 83 
1 3 8 60 56 
4 3 8 60 60 
2 3 8 60 58 
3 3 8 90 92 
7 3 8 60 65 
1 3 8 70 68 
4 3 8 70 71 
2 3 8 70 70 
6 3 8 100 107 
5 3 8 60 62 
7 3 8 70 76 
1 3 8 90 89 
4 3 8 90 94 
2 3 8 80 78 
7 3 8 100 110 
5 3 8 70 74 
5 3 8 90 97 
4 3 8 100 104 
2 3 8 90 91 
2 3 8 100 102 


# From 3 to 0
4 4 1 10 6 
3 4 1 10 4 
4 4 1 20 15 
3 4 1 20 14 
4 4 1 50 49 
8 4 1 20 21 
3 4 1 30 29 
5 4 1 50 51 
4 4 1 60 59 
6 4 1 30 31 
8 4 1 40 43 
3 4 1 50 47 
5 4 1 60 61 
4 4 1 70 71 
6 4 1 40 41 
8 4 1 60 66 
3 4 1 80 81 
5 4 1 70 72 
8 4 1 70 77 
4 4 1 90 93 
6 4 1 50 54 
5 4 1 80 84 
3 4 1 90 92 
8 4 1 80 87 
4 4 1 100 104 
6 4 1 60 63 
5 4 1 90 96 
6 4 1 100 105 
8 4 1 90 99 
2 4 1 60 58 
2 4 1 70 69 
2 4 1 80 78 
2 4 1 100 100 


# From 3 to 1
4 4 2 10 6 
3 4 2 10 5 
4 4 2 40 36 
5 4 2 10 7 
3 4 2 20 13 
4 4 2 50 48 
8 4 2 20 20 
5 4 2 20 16 
3 4 2 30 27 
4 4 2 60 59 
8 4 2 40 43 
5 4 2 40 38 
3 4 2 50 47 
5 4 2 60 62 
4 4 2 70 71 
8 4 2 60 66 
3 4 2 80 79 
5 4 2 80 85 
8 4 2 80 86 


# From 3 to 2
4 4 3 10 6 
4 4 3 20 15 
1 4 3 20 12 
4 4 3 40 37 
8 4 3 20 22 
1 4 3 30 24 
7 4 3 60 64 
4 4 3 50 49 
7 4 3 20 18 
8 4 3 40 44 
6 4 3 50 55 
1 4 3 40 34 
7 4 3 70 75 
5 4 3 50 52 
4 4 3 60 59 
7 4 3 30 33 
8 4 3 60 66 
6 4 3 60 63 
1 4 3 50 45 
5 4 3 80 85 
7 4 3 100 108 
5 4 3 60 62 
4 4 3 70 71 
5 4 3 30 30 
8 4 3 70 77 
2 4 3 60 57 
6 4 3 100 107 
1 4 3 60 56 
2 4 3 90 90 
5 4 3 90 95 
4 4 3 90 94 
5 4 3 40 39 
8 4 3 80 86 
1 4 3 70 67 
2 4 3 100 101 
4 4 3 100 104 
8 4 3 90 99 
1 4 3 90 89 


# From 3 to 4
4 4 5 10 6 
3 4 5 10 5 
4 4 5 50 49 
3 4 5 20 13 
4 4 5 60 59 
2 4 5 30 25 
3 4 5 30 28 
4 4 5 70 71 
2 4 5 40 35 
3 4 5 50 47 
8 4 5 70 77 
4 4 5 90 94 
8 4 5 40 43 
2 4 5 60 58 
8 4 5 60 66 
3 4 5 80 81 
8 4 5 80 87 
4 4 5 100 103 
2 4 5 70 69 
3 4 5 90 92 
8 4 5 90 99 
2 4 5 80 78 
6 4 5 100 106 
2 4 5 90 91 
7 4 5 100 109 
2 4 5 100 102 


# From 3 to 5
4 4 6 10 6 
3 4 6 10 4 
4 4 6 20 15 
1 4 6 10 1 
3 4 6 20 14 
1 4 6 20 12 
4 4 6 50 49 
8 4 6 20 21 
3 4 6 30 29 
1 4 6 30 24 
5 4 6 50 52 
4 4 6 60 59 
8 4 6 40 43 
3 4 6 80 82 
1 4 6 40 34 
5 4 6 60 61 
4 4 6 70 71 
8 4 6 60 66 
3 4 6 90 92 
7 4 6 60 64 
1 4 6 50 45 
1 4 6 60 56 
5 4 6 70 72 
8 4 6 70 77 
4 4 6 100 104 
7 4 6 70 75 
1 4 6 70 67 
5 4 6 80 84 
8 4 6 80 88 
7 4 6 90 98 
1 4 6 90 89 
5 4 6 90 95 
8 4 6 90 99 


# From 3 to 6
4 4 7 10 6 
3 4 7 10 4 
4 4 7 20 15 
1 4 7 10 2 
3 4 7 20 14 
1 4 7 20 12 
4 4 7 40 37 
8 4 7 20 22 
3 4 7 30 28 
1 4 7 40 34 
4 4 7 50 48 
8 4 7 40 44 
5 4 7 40 40 
3 4 7 50 47 
1 4 7 50 45 
2 4 7 60 57 
4 4 7 60 59 
8 4 7 60 66 
5 4 7 50 51 
3 4 7 80 79 
1 4 7 60 56 
2 4 7 70 70 
5 4 7 60 62 
4 4 7 70 71 
8 4 7 70 77 
2 4 7 90 91 
3 4 7 90 92 
1 4 7 70 68 
5 4 7 70 74 
4 4 7 100 104 
8 4 7 80 88 
2 4 7 100 102 
6 4 7 100 107 
1 4 7 90 89 
5 4 7 80 85 
8 4 7 90 99 
5 4 7 90 96 


# From 3 to 7
4 4 8 10 6 
3 4 8 10 4 
4 4 8 20 15 
1 4 8 10 3 
3 4 8 20 14 
1 4 8 20 12 
4 4 8 50 50 
3 4 8 30 27 
1 4 8 30 23 
4 4 8 60 60 
2 4 8 30 25 
3 4 8 50 47 
1 4 8 50 46 
4 4 8 70 71 
2 4 8 40 35 
3 4 8 80 83 
1 4 8 60 56 
4 4 8 90 94 
2 4 8 60 58 
3 4 8 90 92 
7 4 8 60 65 
1 4 8 70 68 
5 4 8 90 97 
4 4 8 100 104 
2 4 8 70 70 
6 4 8 100 107 
5 4 8 60 62 
7 4 8 70 76 
1 4 8 90 89 
2 4 8 80 78 
7 4 8 100 110 
5 4 8 70 74 
2 4 8 90 91 
2 4 8 100 102 


# From 4 to 0
5 5 1 10 7 
8 5 1 10 10 
5 5 1 20 16 
3 5 1 10 4 
8 5 1 20 21 
4 5 1 20 15 
5 5 1 50 51 
3 5 1 20 14 
6 5 1 30 31 
8 5 1 40 43 
4 5 1 50 49 
5 5 1 60 61 
3 5 1 30 29 
6 5 1 40 41 
8 5 1 60 66 
4 5 1 60 59 
5 5 1 70 72 
3 5 1 50 47 
6 5 1 50 54 
8 5 1 70 77 
4 5 1 70 71 
5 5 1 80 84 
3 5 1 80 81 
6 5 1 60 63 
8 5 1 80 87 
4 5 1 90 93 
5 5 1 90 96 
3 5 1 90 92 
2 5 1 60 58 
6 5 1 100 105 
8 5 1 90 99 
4 5 1 100 104 
2 5 1 70 69 
2 5 1 80 78 
2 5 1 100 100 


# From 4 to 1
5 5 2 10 7 
8 5 2 20 20 
5 5 2 20 16 
8 5 2 40 43 
4 5 2 40 36 
5 5 2 40 38 
8 5 2 60 66 
4 5 2 50 48 
5 5 2 60 62 
8 5 2 80 86 
4 5 2 60 59 
5 5 2 80 85 
4 5 2 70 71 


# From 4 to 2
5 5 3 10 7 
8 5 3 10 10 
5 5 3 20 17 
8 5 3 20 22 
7 5 3 20 18 
5 5 3 30 30 
8 5 3 40 44 
7 5 3 30 33 
5 5 3 40 39 
7 5 3 60 64 
8 5 3 60 66 
6 5 3 50 55 
5 5 3 50 52 
7 5 3 70 75 
5 5 3 60 62 
8 5 3 70 77 
6 5 3 60 63 
5 5 3 80 85 
7 5 3 100 108 
2 5 3 60 57 
8 5 3 80 86 
6 5 3 100 107 
2 5 3 90 90 
5 5 3 90 95 
8 5 3 90 99 
2 5 3 100 101 


# From 4 to 3
5 5 4 20 16 
5 5 4 30 30 
3 5 4 30 27 
5 5 4 40 38 
2 5 4 30 25 
3 5 4 50 47 
2 5 4 40 35 
5 5 4 70 73 
8 5 4 60 66 
3 5 4 80 80 
8 5 4 40 43 
2 5 4 60 58 
5 5 4 90 96 
8 5 4 70 77 
2 5 4 70 69 
8 5 4 80 87 
2 5 4 100 102 
8 5 4 90 99 


# From 4 to 5
5 5 6 10 7 
8 5 6 10 11 
5 5 6 40 39 
8 5 6 20 21 
5 5 6 50 52 
8 5 6 40 43 
5 5 6 60 61 
4 5 6 50 49 
8 5 6 60 66 
1 5 6 60 56 
5 5 6 70 72 
4 5 6 60 59 
8 5 6 70 77 
7 5 6 60 64 
1 5 6 70 67 
5 5 6 80 84 
4 5 6 70 71 
8 5 6 80 88 
3 5 6 80 82 
7 5 6 70 75 
1 5 6 90 89 
5 5 6 90 95 
4 5 6 100 104 
7 5 6 90 98 
8 5 6 90 99 
3 5 6 90 92 


# From 4 to 6
5 5 7 20 17 
5 5 7 40 40 
5 5 7 50 51 
1 5 7 50 45 
5 5 7 60 62 
1 5 7 60 56 
2 5 7 60 57 
5 5 7 70 74 
1 5 7 70 68 
2 5 7 70 70 
5 5 7 80 85 
8 5 7 70 77 
1 5 7 90 89 
2 5 7 90 91 
5 5 7 90 96 
8 5 7 80 88 
6 5 7 100 107 
2 5 7 100 102 
4 5 7 100 104 
8 5 7 90 99 


# From 4 to 7
5 5 8 10 7 
5 5 8 20 16 
4 5 8 20 15 
5 5 8 40 38 
1 5 8 20 12 
4 5 8 50 50 
2 5 8 40 35 
5 5 8 50 53 
1 5 8 30 23 
4 5 8 60 60 
2 5 8 60 58 
5 5 8 60 62 
2 5 8 30 25 
1 5 8 50 46 
4 5 8 70 71 
2 5 8 70 70 
5 5 8 70 74 
1 5 8 60 56 
4 5 8 90 94 
7 5 8 70 76 
2 5 8 80 78 
5 5 8 90 97 
7 5 8 60 65 
1 5 8 70 68 
4 5 8 100 104 
7 5 8 100 110 
2 5 8 90 91 
1 5 8 90 89 
6 5 8 100 107 
2 5 8 100 102 


# From 5 to 0
6 6 1 30 31 
6 6 1 40 41 
6 6 1 50 54 
6 6 1 60 63 
2 6 1 60 58 
6 6 1 100 105 
8 6 1 60 66 
2 6 1 70 69 
5 6 1 60 61 
8 6 1 70 77 
5 6 1 70 72 
2 6 1 80 78 
8 6 1 80 87 
5 6 1 80 84 
2 6 1 100 100 
4 6 1 90 93 
8 6 1 90 99 
5 6 1 90 96 
4 6 1 100 104 


# From 5 to 1
6 6 2 30 31 
1 6 2 30 23 
6 6 2 40 42 
1 6 2 50 46 
6 6 2 50 54 
8 6 2 60 66 
1 6 2 60 56 
6 6 2 60 63 
5 6 2 60 62 
8 6 2 80 86 
7 6 2 60 65 
1 6 2 70 68 
5 6 2 80 85 
7 6 2 70 76 


# From 5 to 2
6 6 3 50 55 
6 6 3 60 63 
2 6 3 60 57 
6 6 3 100 107 
7 6 3 60 64 
2 6 3 90 90 
7 6 3 100 108 
7 6 3 70 75 
2 6 3 100 101 
5 6 3 80 85 
5 6 3 90 95 


# From 5 to 3
6 6 4 30 31 
1 6 4 30 23 
6 6 4 40 42 
2 6 4 30 25 
1 6 4 50 46 
2 6 4 40 35 
6 6 4 50 54 
8 6 4 60 66 
1 6 4 60 56 
8 6 4 40 43 
2 6 4 60 58 
6 6 4 60 63 
5 6 4 70 73 
8 6 4 70 77 
7 6 4 60 65 
1 6 4 70 68 
2 6 4 70 69 
5 6 4 90 96 
8 6 4 80 87 
7 6 4 70 75 
2 6 4 100 102 
8 6 4 90 99 


# From 5 to 4
6 6 5 30 31 
1 6 5 30 23 
6 6 5 40 42 
2 6 5 30 25 
1 6 5 50 46 
2 6 5 40 35 
6 6 5 50 54 
4 6 5 50 49 
8 6 5 60 66 
1 6 5 60 56 
8 6 5 40 43 
2 6 5 60 58 
6 6 5 60 63 
4 6 5 60 59 
8 6 5 70 77 
7 6 5 60 65 
1 6 5 70 68 
2 6 5 70 69 
6 6 5 100 106 
4 6 5 70 71 
8 6 5 80 87 
7 6 5 70 75 
1 6 5 90 89 
2 6 5 80 78 
4 6 5 90 94 
8 6 5 90 99 
7 6 5 100 109 
2 6 5 90 91 
4 6 5 100 103 
2 6 5 100 102 


# From 5 to 6
6 6 7 30 31 
1 6 7 40 34 
6 6 7 40 41 
1 6 7 50 45 
6 6 7 50 54 
1 6 7 60 56 
6 6 7 60 63 
1 6 7 70 68 
2 6 7 60 57 
6 6 7 100 107 
8 6 7 70 77 
1 6 7 90 89 
2 6 7 70 70 
5 6 7 70 74 
8 6 7 80 88 
2 6 7 90 91 
5 6 7 80 85 
8 6 7 90 99 
2 6 7 100 102 
5 6 7 90 96 
4 6 7 100 104 


# From 5 to 7
6 6 8 30 31 
1 6 8 30 23 
6 6 8 40 42 
2 6 8 30 25 
1 6 8 50 46 
2 6 8 40 35 
6 6 8 50 54 
4 6 8 50 50 
1 6 8 60 56 
2 6 8 60 58 
6 6 8 60 63 
4 6 8 60 60 
7 6 8 60 65 
1 6 8 70 68 
2 6 8 70 70 
6 6 8 100 107 
4 6 8 70 71 
5 6 8 60 62 
7 6 8 70 76 
1 6 8 90 89 
2 6 8 80 78 
7 6 8 100 110 
4 6 8 90 94 
5 6 8 70 74 
5 6 8 90 97 
2 6 8 90 91 
4 6 8 100 104 
2 6 8 100 102 


# From 6 to 0
7 7 1 10 8 
5 7 1 10 7 
7 7 1 20 19 
8 7 1 10 10 
5 7 1 20 16 
4 7 1 20 15 
7 7 1 30 33 
3 7 1 10 4 
8 7 1 20 21 
5 7 1 50 51 
4 7 1 50 49 
7 7 1 60 65 
3 7 1 20 14 
6 7 1 30 31 
8 7 1 40 43 
5 7 1 60 61 
4 7 1 60 59 
7 7 1 70 75 
3 7 1 30 29 
6 7 1 40 41 
8 7 1 60 66 
5 7 1 70 72 
4 7 1 70 71 
7 7 1 90 98 
3 7 1 50 47 
6 7 1 50 54 
8 7 1 70 77 
5 7 1 80 84 
4 7 1 90 93 
6 7 1 100 105 
3 7 1 80 81 
6 7 1 60 63 
8 7 1 80 87 
5 7 1 90 96 
4 7 1 100 104 
3 7 1 90 92 
2 7 1 60 58 
8 7 1 90 99 
2 7 1 70 69 
2 7 1 80 78 
2 7 1 100 100 


# From 6 to 1
7 7 2 10 8 
5 7 2 10 7 
7 7 2 20 18 
8 7 2 20 20 
5 7 2 20 16 
3 7 2 20 13 
7 7 2 30 32 
8 7 2 40 43 
4 7 2 40 36 
5 7 2 40 38 
3 7 2 30 27 
7 7 2 60 65 
8 7 2 60 66 
4 7 2 50 48 
5 7 2 60 62 
3 7 2 50 47 
7 7 2 70 76 
8 7 2 80 86 
4 7 2 60 59 
5 7 2 80 85 
3 7 2 80 79 
4 7 2 70 71 


# From 6 to 2
7 7 3 10 8 
5 7 3 10 7 
7 7 3 20 18 
8 7 3 10 10 
5 7 3 20 17 
7 7 3 30 33 
8 7 3 20 22 
5 7 3 30 30 
7 7 3 60 64 
8 7 3 40 44 
5 7 3 40 39 
7 7 3 70 75 
8 7 3 60 66 
6 7 3 50 55 
5 7 3 50 52 
5 7 3 80 85 
7 7 3 100 108 
5 7 3 60 62 
8 7 3 70 77 
6 7 3 60 63 
2 7 3 90 90 
5 7 3 90 95 
2 7 3 60 57 
8 7 3 80 86 
6 7 3 100 107 
2 7 3 100 101 
8 7 3 90 99 


# From 6 to 3
7 7 4 20 19 
7 7 4 30 32 
7 7 4 60 65 
5 7 4 70 73 
7 7 4 70 75 
5 7 4 90 96 


# From 6 to 4
7 7 5 10 8 
7 7 5 20 19 
4 7 5 50 49 
7 7 5 30 33 
4 7 5 60 59 
7 7 5 60 65 
4 7 5 70 71 
7 7 5 70 75 
8 7 5 70 77 
4 7 5 90 94 
7 7 5 100 109 
8 7 5 80 87 
4 7 5 100 103 
8 7 5 90 99 


# From 6 to 5
7 7 6 10 9 
7 7 6 20 18 
3 7 6 20 14 
7 7 6 30 33 
8 7 6 20 21 
3 7 6 30 29 
5 7 6 40 39 
7 7 6 60 64 
8 7 6 40 43 
3 7 6 80 82 
5 7 6 50 52 
7 7 6 70 75 
4 7 6 50 49 
8 7 6 60 66 
3 7 6 90 92 
5 7 6 60 61 
5 7 6 70 72 
7 7 6 90 98 
4 7 6 60 59 
8 7 6 70 77 
1 7 6 60 56 
1 7 6 70 67 
5 7 6 80 84 
4 7 6 70 71 
8 7 6 80 88 
1 7 6 90 89 
5 7 6 90 95 
4 7 6 100 104 
8 7 6 90 99 


# From 6 to 7
7 7 8 10 8 
5 7 8 10 7 
7 7 8 20 19 
5 7 8 20 16 
4 7 8 20 15 
7 7 8 30 32 
5 7 8 40 38 
1 7 8 20 12 
4 7 8 50 50 
7 7 8 60 65 
2 7 8 40 35 
5 7 8 50 53 
1 7 8 30 23 
4 7 8 60 60 
5 7 8 60 62 
7 7 8 70 76 
2 7 8 60 58 
2 7 8 30 25 
1 7 8 50 46 
4 7 8 70 71 
5 7 8 70 74 
7 7 8 100 110 
2 7 8 70 70 
1 7 8 60 56 
4 7 8 90 94 
5 7 8 90 97 
2 7 8 80 78 
1 7 8 70 68 
4 7 8 100 104 
2 7 8 90 91 
1 7 8 90 89 
6 7 8 100 107 
2 7 8 100 102 


# From 7 to 0
8 8 1 10 10 
3 8 1 10 4 
8 8 1 20 21 
3 8 1 20 14 
6 8 1 30 31 
8 8 1 40 43 
3 8 1 30 29 
6 8 1 40 41 
4 8 1 50 49 
8 8 1 60 66 
3 8 1 50 47 
6 8 1 50 54 
5 8 1 50 51 
4 8 1 60 59 
5 8 1 60 61 
8 8 1 70 77 
3 8 1 80 81 
6 8 1 60 63 
4 8 1 70 71 
5 8 1 70 72 
8 8 1 80 87 
5 8 1 80 84 
3 8 1 90 92 
2 8 1 60 58 
6 8 1 100 105 
4 8 1 90 93 
8 8 1 90 99 
5 8 1 90 96 
2 8 1 70 69 
4 8 1 100 104 
2 8 1 80 78 
2 8 1 100 100 


# From 7 to 1
8 8 2 20 20 
8 8 2 40 43 
4 8 2 40 36 
8 8 2 60 66 
4 8 2 50 48 
5 8 2 60 62 
8 8 2 80 86 
4 8 2 60 59 
5 8 2 80 85 
4 8 2 70 71 


# From 7 to 2
8 8 3 10 10 
8 8 3 20 22 
7 8 3 20 18 
8 8 3 40 44 
7 8 3 30 33 
7 8 3 60 64 
8 8 3 60 66 
5 8 3 30 30 
7 8 3 70 75 
5 8 3 60 62 
8 8 3 70 77 
5 8 3 40 39 
5 8 3 80 85 
7 8 3 100 108 
2 8 3 60 57 
8 8 3 80 86 
6 8 3 50 55 
5 8 3 50 52 
2 8 3 90 90 
5 8 3 90 95 
8 8 3 90 99 
6 8 3 60 63 
2 8 3 100 101 
6 8 3 100 107 


# From 7 to 3
8 8 4 10 10 
3 8 4 10 5 
8 8 4 20 22 
5 8 4 20 16 
3 8 4 20 13 
7 8 4 20 19 
8 8 4 40 43 
5 8 4 30 30 
2 8 4 30 25 
3 8 4 30 27 
7 8 4 30 32 
8 8 4 60 66 
5 8 4 40 38 
2 8 4 40 35 
3 8 4 50 47 
7 8 4 60 65 
5 8 4 70 73 
8 8 4 70 77 
2 8 4 60 58 
3 8 4 80 80 
7 8 4 70 75 
5 8 4 90 96 
8 8 4 80 87 
2 8 4 70 69 
8 8 4 90 99 
2 8 4 100 102 


# From 7 to 4
8 8 5 10 10 
3 8 5 10 5 
8 8 5 20 20 
3 8 5 20 13 
2 8 5 30 25 
8 8 5 40 43 
3 8 5 30 28 
4 8 5 50 49 
2 8 5 40 35 
8 8 5 60 66 
3 8 5 50 47 
4 8 5 60 59 
2 8 5 60 58 
8 8 5 70 77 
3 8 5 80 81 
4 8 5 70 71 
2 8 5 70 69 
8 8 5 80 87 
3 8 5 90 92 
4 8 5 90 94 
2 8 5 80 78 
8 8 5 90 99 
6 8 5 100 106 
4 8 5 100 103 
2 8 5 90 91 
7 8 5 100 109 
2 8 5 100 102 


# From 7 to 5
8 8 6 10 11 
8 8 6 20 21 
8 8 6 40 43 
4 8 6 50 49 
8 8 6 60 66 
5 8 6 50 52 
4 8 6 60 59 
5 8 6 60 61 
8 8 6 70 77 
4 8 6 70 71 
1 8 6 60 56 
5 8 6 70 72 
8 8 6 80 88 
4 8 6 100 104 
7 8 6 60 64 
1 8 6 70 67 
5 8 6 80 84 
7 8 6 90 98 
8 8 6 90 99 
3 8 6 80 82 
7 8 6 70 75 
1 8 6 90 89 
5 8 6 90 95 
3 8 6 90 92 


# From 7 to 6
8 8 7 10 10 
3 8 7 10 4 
8 8 7 20 22 
1 8 7 10 2 
3 8 7 20 14 
8 8 7 40 44 
1 8 7 20 12 
3 8 7 30 28 
8 8 7 60 66 
1 8 7 40 34 
5 8 7 40 40 
3 8 7 50 47 
5 8 7 60 62 
8 8 7 70 77 
1 8 7 50 45 
5 8 7 50 51 
3 8 7 80 79 
2 8 7 60 57 
5 8 7 70 74 
8 8 7 80 88 
1 8 7 60 56 
2 8 7 90 91 
3 8 7 90 92 
2 8 7 70 70 
5 8 7 80 85 
8 8 7 90 99 
1 8 7 70 68 
2 8 7 100 102 
6 8 7 100 107 
5 8 7 90 96 
1 8 7 90 89 
4 8 7 100 104 


