# From 0 to 1
1 1 2 30 23 
1 1 2 50 45 
1 1 2 60 58 
8 1 2 70 76 
1 1 2 80 78 
8 1 2 80 87 
1 1 2 90 89 
8 1 2 90 99 
1 1 2 100 100 
8 1 2 100 110 
4 1 2 100 105 


# From 0 to 2
1 1 3 10 2 
7 1 3 10 9 
1 1 3 20 13 
4 1 3 10 6 
7 1 3 20 20 
1 1 3 30 23 
5 1 3 20 18 
4 1 3 30 26 
7 1 3 30 31 
2 1 3 50 47 
1 1 3 40 34 
5 1 3 40 41 
4 1 3 40 39 
8 1 3 30 33 
7 1 3 50 51 
2 1 3 60 60 
1 1 3 50 45 
5 1 3 50 50 
4 1 3 50 48 
8 1 3 40 44 
7 1 3 60 66 
2 1 3 70 68 
1 1 3 60 58 
5 1 3 70 74 
4 1 3 60 64 
8 1 3 50 55 
7 1 3 80 86 
8 1 3 70 77 
2 1 3 80 80 
1 1 3 80 79 
5 1 3 80 84 
4 1 3 80 82 
8 1 3 80 87 
2 1 3 100 101 
1 1 3 90 89 
5 1 3 90 94 
4 1 3 90 93 
8 1 3 90 99 
1 1 3 100 100 
5 1 3 100 108 
4 1 3 100 105 
8 1 3 100 110 


# From 0 to 3
1 1 4 10 2 
7 1 4 10 9 
1 1 4 20 13 
7 1 4 30 31 
1 1 4 40 35 
8 1 4 30 33 
7 1 4 50 52 
1 1 4 50 46 
8 1 4 40 44 
7 1 4 60 66 
1 1 4 60 58 
3 1 4 60 63 
8 1 4 50 55 
7 1 4 80 86 
8 1 4 80 88 
1 1 4 80 79 
3 1 4 70 70 
8 1 4 100 110 
3 1 4 100 103 
1 1 4 100 100 
5 1 4 80 84 
5 1 4 90 94 
5 1 4 100 108 


# From 0 to 4
1 1 5 10 2 
7 1 5 10 9 
1 1 5 20 13 
4 1 5 10 6 
7 1 5 20 21 
1 1 5 30 23 
4 1 5 30 27 
7 1 5 30 31 
2 1 5 40 37 
1 1 5 40 35 
4 1 5 40 40 
8 1 5 30 33 
7 1 5 50 52 
2 1 5 50 47 
1 1 5 50 46 
4 1 5 50 48 
8 1 5 40 44 
7 1 5 60 66 
3 1 5 60 63 
2 1 5 60 60 
1 1 5 60 56 
4 1 5 60 64 
8 1 5 50 55 
7 1 5 80 86 
3 1 5 70 70 
2 1 5 70 68 
1 1 5 80 78 
4 1 5 80 83 
8 1 5 70 77 
8 1 5 80 88 
3 1 5 80 81 
2 1 5 100 102 
1 1 5 90 89 
4 1 5 90 91 
8 1 5 90 99 
3 1 5 90 90 
1 1 5 100 100 
4 1 5 100 105 
8 1 5 100 110 
3 1 5 100 103 


# From 0 to 5
1 1 6 10 1 
1 1 6 20 12 
1 1 6 30 23 
2 1 6 30 24 
1 1 6 40 35 
7 1 6 30 30 
2 1 6 40 37 
4 1 6 40 40 
1 1 6 50 46 
7 1 6 50 52 
5 1 6 60 65 
2 1 6 50 47 
4 1 6 50 48 
1 1 6 60 56 
7 1 6 60 66 
5 1 6 70 74 
3 1 6 60 63 
2 1 6 60 60 
4 1 6 60 64 
1 1 6 70 67 
7 1 6 80 86 
3 1 6 70 71 
5 1 6 90 95 
2 1 6 70 68 
4 1 6 70 73 
1 1 6 80 79 
8 1 6 80 88 
3 1 6 100 103 
5 1 6 100 108 
8 1 6 70 77 
2 1 6 80 80 
4 1 6 80 83 
1 1 6 100 100 
8 1 6 100 110 
4 1 6 100 106 
2 1 6 100 101 
4 1 6 90 91 


# From 0 to 6
1 1 7 10 2 
1 1 7 20 13 
1 1 7 30 23 
2 1 7 30 24 
1 1 7 50 46 
2 1 7 40 36 
1 1 7 60 57 
2 1 7 60 61 
1 1 7 70 67 
2 1 7 70 68 
8 1 7 70 77 
3 1 7 70 72 
8 1 7 80 88 
4 1 7 90 92 


# From 0 to 7
1 1 8 10 2 
7 1 8 30 31 
1 1 8 20 13 
7 1 8 50 53 
1 1 8 30 23 
7 1 8 60 66 
2 1 8 30 24 
1 1 8 40 35 
3 1 8 60 63 
7 1 8 80 86 
2 1 8 60 62 
4 1 8 40 40 
1 1 8 50 45 
4 1 8 60 64 
3 1 8 70 70 
2 1 8 70 68 
5 1 8 80 84 
4 1 8 50 48 
1 1 8 60 58 
4 1 8 80 83 
3 1 8 100 103 
2 1 8 100 102 
5 1 8 90 95 
1 1 8 100 100 
4 1 8 90 93 
4 1 8 100 107 
5 1 8 100 108 
6 1 8 90 98 
6 1 8 100 109 


# From 1 to 0
2 2 1 40 36 
2 2 1 60 59 
2 2 1 70 68 
8 2 1 90 99 
2 2 1 80 80 
8 2 1 100 110 
3 2 1 100 103 
2 2 1 100 101 
4 2 1 100 104 


# From 1 to 2
2 2 3 20 14 
7 2 3 20 20 
2 2 3 50 47 
7 2 3 30 31 
2 2 3 60 60 
8 2 3 30 33 
7 2 3 50 51 
2 2 3 70 68 
4 2 3 30 26 
8 2 3 40 44 
7 2 3 60 66 
8 2 3 70 77 
2 2 3 80 80 
4 2 3 40 39 
8 2 3 50 55 
7 2 3 80 86 
8 2 3 80 87 
2 2 3 100 101 
4 2 3 50 48 
8 2 3 90 99 
5 2 3 50 50 
4 2 3 60 64 
1 2 3 90 89 
8 2 3 100 110 
5 2 3 70 74 
4 2 3 80 82 
1 2 3 100 100 
4 2 3 100 105 
5 2 3 80 84 
4 2 3 90 93 
5 2 3 90 94 
5 2 3 100 108 


# From 1 to 3
2 2 4 20 14 
7 2 4 30 31 
2 2 4 30 24 
8 2 4 30 33 
7 2 4 50 52 
2 2 4 40 36 
8 2 4 40 44 
7 2 4 60 66 
1 2 4 40 35 
2 2 4 50 47 
3 2 4 60 63 
8 2 4 50 55 
7 2 4 80 86 
1 2 4 50 46 
2 2 4 60 60 
3 2 4 70 70 
8 2 4 80 88 
1 2 4 60 58 
2 2 4 70 68 
5 2 4 80 84 
3 2 4 100 103 
8 2 4 100 110 
1 2 4 80 79 
2 2 4 80 80 
5 2 4 90 94 
1 2 4 100 100 
2 2 4 100 101 
5 2 4 100 108 


# From 1 to 4
2 2 5 20 14 
7 2 5 20 21 
2 2 5 40 37 
7 2 5 30 31 
2 2 5 50 47 
8 2 5 30 33 
7 2 5 50 52 
3 2 5 60 63 
2 2 5 60 60 
4 2 5 30 27 
8 2 5 40 44 
4 2 5 50 48 
7 2 5 60 66 
4 2 5 60 64 
3 2 5 70 70 
2 2 5 70 68 
4 2 5 40 40 
8 2 5 50 55 
7 2 5 80 86 
4 2 5 80 83 
3 2 5 80 81 
8 2 5 70 77 
2 2 5 100 102 
8 2 5 80 88 
4 2 5 90 91 
3 2 5 90 90 
8 2 5 90 99 
4 2 5 100 105 
3 2 5 100 103 
1 2 5 90 89 
8 2 5 100 110 
1 2 5 100 100 


# From 1 to 5
2 2 6 20 14 
7 2 6 20 21 
2 2 6 30 24 
5 2 6 30 28 
7 2 6 30 30 
2 2 6 40 37 
5 2 6 60 65 
7 2 6 50 52 
2 2 6 50 47 
5 2 6 70 74 
4 2 6 50 48 
7 2 6 60 66 
3 2 6 60 63 
2 2 6 60 60 
3 2 6 70 71 
5 2 6 90 95 
4 2 6 60 64 
7 2 6 80 86 
2 2 6 70 68 
3 2 6 100 103 
5 2 6 100 108 
4 2 6 70 73 
8 2 6 80 88 
8 2 6 70 77 
2 2 6 80 80 
4 2 6 100 106 
8 2 6 100 110 
4 2 6 80 83 
2 2 6 100 101 
4 2 6 90 91 


# From 1 to 6
2 2 7 20 14 
2 2 7 30 24 
2 2 7 40 36 
1 2 7 50 46 
2 2 7 60 61 
1 2 7 60 57 
2 2 7 70 68 
1 2 7 70 67 
8 2 7 70 77 
3 2 7 70 72 
8 2 7 80 88 
4 2 7 90 92 


# From 1 to 7
2 2 8 20 14 
7 2 8 30 31 
2 2 8 30 24 
7 2 8 50 53 
2 2 8 60 62 
7 2 8 60 66 
2 2 8 70 68 
3 2 8 60 63 
7 2 8 80 86 
2 2 8 100 102 
4 2 8 60 64 
3 2 8 70 70 
5 2 8 100 108 
5 2 8 80 84 
4 2 8 80 83 
3 2 8 100 103 
5 2 8 90 95 
4 2 8 90 93 
4 2 8 100 107 
6 2 8 90 98 
6 2 8 100 109 


# From 2 to 0
3 3 1 10 3 
3 3 1 20 15 
5 3 1 40 41 
3 3 1 30 25 
5 3 1 50 49 
8 3 1 30 33 
3 3 1 70 69 
5 3 1 70 74 
4 3 1 30 27 
8 3 1 50 54 
3 3 1 100 103 
5 3 1 80 84 
4 3 1 40 38 
8 3 1 90 99 
4 3 1 100 104 
5 3 1 90 94 
4 3 1 50 48 
8 3 1 100 110 
4 3 1 90 93 
5 3 1 100 108 
4 3 1 60 64 


# From 2 to 1
3 3 2 10 3 
1 3 2 30 23 
3 3 2 20 15 
1 3 2 50 45 
5 3 2 20 17 
3 3 2 30 25 
1 3 2 60 58 
5 3 2 40 41 
8 3 2 30 32 
3 3 2 80 81 
8 3 2 70 76 
1 3 2 80 78 
5 3 2 50 49 
8 3 2 50 54 
3 3 2 90 90 
8 3 2 80 87 
1 3 2 90 89 
5 3 2 70 74 
3 3 2 100 103 
8 3 2 90 99 
1 3 2 100 100 
5 3 2 80 84 
4 3 2 100 105 
8 3 2 100 110 
5 3 2 90 94 
4 3 2 90 93 
5 3 2 100 108 


# From 2 to 3
3 3 4 10 4 
7 3 4 10 9 
3 3 4 30 25 
7 3 4 30 31 
8 3 4 30 33 
3 3 4 60 63 
7 3 4 50 52 
8 3 4 40 44 
3 3 4 70 70 
7 3 4 60 66 
8 3 4 50 55 
5 3 4 80 84 
3 3 4 100 103 
7 3 4 80 86 
8 3 4 80 88 
5 3 4 90 94 
8 3 4 100 110 
5 3 4 100 108 


# From 2 to 4
3 3 5 10 4 
7 3 5 10 9 
3 3 5 20 15 
4 3 5 10 6 
7 3 5 20 21 
3 3 5 30 25 
4 3 5 30 27 
7 3 5 30 31 
8 3 5 30 33 
3 3 5 60 63 
4 3 5 40 40 
7 3 5 50 52 
8 3 5 40 44 
4 3 5 60 64 
3 3 5 70 70 
4 3 5 50 48 
7 3 5 60 66 
8 3 5 50 55 
4 3 5 80 83 
3 3 5 80 81 
7 3 5 80 86 
8 3 5 70 77 
4 3 5 90 91 
2 3 5 100 102 
3 3 5 90 90 
8 3 5 80 88 
4 3 5 100 105 
3 3 5 100 103 
8 3 5 90 99 
1 3 5 90 89 
8 3 5 100 110 
1 3 5 100 100 


# From 2 to 5
3 3 6 10 3 
1 3 6 10 1 
3 3 6 20 15 
1 3 6 20 12 
5 3 6 30 28 
3 3 6 30 25 
1 3 6 30 23 
5 3 6 60 65 
8 3 6 30 33 
3 3 6 60 63 
2 3 6 30 24 
1 3 6 40 35 
5 3 6 70 74 
4 3 6 30 27 
8 3 6 40 44 
4 3 6 60 64 
3 3 6 70 71 
7 3 6 30 30 
2 3 6 40 37 
4 3 6 40 40 
1 3 6 50 46 
5 3 6 90 95 
8 3 6 50 55 
4 3 6 70 73 
3 3 6 100 103 
7 3 6 50 52 
2 3 6 50 47 
4 3 6 50 48 
1 3 6 60 56 
5 3 6 100 108 
8 3 6 70 77 
4 3 6 80 83 
4 3 6 100 106 
7 3 6 60 66 
2 3 6 60 60 
1 3 6 70 67 
8 3 6 100 110 
8 3 6 80 88 
4 3 6 90 91 
7 3 6 80 86 
2 3 6 70 68 
1 3 6 80 79 
2 3 6 80 80 
1 3 6 100 100 
2 3 6 100 101 


# From 2 to 6
3 3 7 10 4 
3 3 7 20 15 
5 3 7 20 17 
3 3 7 30 25 
2 3 7 20 14 
5 3 7 40 41 
8 3 7 30 32 
3 3 7 60 63 
2 3 7 30 24 
1 3 7 50 46 
5 3 7 50 49 
8 3 7 50 54 
4 3 7 60 64 
3 3 7 70 72 
2 3 7 40 36 
1 3 7 60 57 
5 3 7 60 65 
8 3 7 70 77 
4 3 7 70 73 
2 3 7 60 61 
1 3 7 70 67 
6 3 7 80 85 
5 3 7 70 75 
8 3 7 80 88 
4 3 7 90 92 
2 3 7 70 68 
6 3 7 90 97 
5 3 7 90 95 


# From 2 to 7
3 3 8 10 5 
3 3 8 20 15 
5 3 8 20 17 
3 3 8 30 25 
2 3 8 20 14 
5 3 8 30 28 
3 3 8 60 63 
7 3 8 30 31 
2 3 8 30 24 
6 3 8 30 29 
5 3 8 80 84 
4 3 8 60 64 
3 3 8 70 70 
7 3 8 50 53 
2 3 8 60 62 
6 3 8 40 43 
5 3 8 90 95 
4 3 8 80 83 
3 3 8 100 103 
7 3 8 60 66 
2 3 8 70 68 
6 3 8 90 98 
5 3 8 100 108 
4 3 8 90 93 
4 3 8 100 107 
7 3 8 80 86 
2 3 8 100 102 
6 3 8 100 109 


# From 3 to 0
4 4 1 10 6 
5 4 1 40 41 
4 4 1 30 27 
5 4 1 50 49 
4 4 1 40 38 
5 4 1 70 74 
4 4 1 50 48 
3 4 1 70 69 
5 4 1 80 84 
4 4 1 60 64 
3 4 1 100 103 
8 4 1 90 99 
5 4 1 90 94 
4 4 1 90 93 
4 4 1 100 104 
8 4 1 100 110 
5 4 1 100 108 


# From 3 to 1
4 4 2 10 6 
5 4 2 10 7 
4 4 2 20 16 
5 4 2 20 17 
4 4 2 30 26 
5 4 2 40 41 
3 4 2 30 25 
4 4 2 40 38 
1 4 2 50 45 
5 4 2 50 49 
8 4 2 30 32 
3 4 2 80 81 
4 4 2 50 48 
1 4 2 60 58 
5 4 2 70 74 
8 4 2 50 54 
3 4 2 90 90 
4 4 2 60 64 
8 4 2 70 76 
1 4 2 80 78 
5 4 2 80 84 
3 4 2 100 103 
4 4 2 80 82 
8 4 2 80 87 
1 4 2 90 89 
5 4 2 90 94 
4 4 2 100 105 
4 4 2 90 93 
8 4 2 90 99 
1 4 2 100 100 
5 4 2 100 108 
8 4 2 100 110 


# From 3 to 2
4 4 3 10 6 
5 4 3 20 18 
4 4 3 30 26 
5 4 3 40 41 
4 4 3 40 39 
1 4 3 40 34 
5 4 3 50 50 
4 4 3 50 48 
1 4 3 50 45 
5 4 3 70 74 
4 4 3 60 64 
2 4 3 50 47 
1 4 3 60 58 
5 4 3 80 84 
4 4 3 80 82 
2 4 3 60 60 
8 4 3 70 77 
1 4 3 80 79 
8 4 3 80 87 
5 4 3 90 94 
4 4 3 90 93 
2 4 3 70 68 
1 4 3 90 89 
2 4 3 80 80 
8 4 3 90 99 
5 4 3 100 108 
4 4 3 100 105 
2 4 3 100 101 
1 4 3 100 100 
8 4 3 100 110 


# From 3 to 4
4 4 5 10 6 
4 4 5 30 27 
4 4 5 40 40 
4 4 5 50 48 
4 4 5 60 64 
4 4 5 80 83 
4 4 5 90 91 
4 4 5 100 105 
2 4 5 100 102 


# From 3 to 5
4 4 6 10 6 
5 4 6 30 28 
4 4 6 30 27 
5 4 6 60 65 
4 4 6 40 40 
5 4 6 70 74 
4 4 6 50 48 
3 4 6 70 71 
5 4 6 90 95 
4 4 6 60 64 
3 4 6 100 103 
5 4 6 100 108 
4 4 6 70 73 
4 4 6 100 106 
8 4 6 100 110 
4 4 6 80 83 
4 4 6 90 91 


# From 3 to 6
4 4 7 10 6 
5 4 7 10 7 
4 4 7 20 16 
2 4 7 20 14 
5 4 7 20 17 
4 4 7 30 27 
2 4 7 30 24 
5 4 7 40 41 
4 4 7 40 38 
2 4 7 40 36 
1 4 7 50 46 
5 4 7 50 49 
4 4 7 50 48 
2 4 7 60 61 
1 4 7 60 57 
5 4 7 60 65 
4 4 7 60 64 
2 4 7 70 68 
1 4 7 70 67 
6 4 7 80 85 
5 4 7 70 75 
4 4 7 70 73 
8 4 7 70 77 
6 4 7 90 97 
5 4 7 90 95 
4 4 7 90 92 
3 4 7 70 72 
8 4 7 80 88 


# From 3 to 7
4 4 8 10 6 
5 4 8 10 7 
4 4 8 20 16 
2 4 8 20 14 
5 4 8 20 17 
4 4 8 30 27 
7 4 8 30 31 
2 4 8 30 24 
5 4 8 30 28 
4 4 8 40 40 
7 4 8 50 53 
2 4 8 60 62 
6 4 8 30 29 
5 4 8 80 84 
4 4 8 50 48 
7 4 8 60 66 
2 4 8 70 68 
6 4 8 40 43 
5 4 8 90 95 
4 4 8 60 64 
3 4 8 60 63 
7 4 8 80 86 
2 4 8 100 102 
6 4 8 90 98 
5 4 8 100 108 
4 4 8 80 83 
3 4 8 70 70 
6 4 8 100 109 
4 4 8 90 93 
3 4 8 100 103 
4 4 8 100 107 


# From 4 to 0
5 5 1 40 41 
5 5 1 50 49 
5 5 1 70 74 
3 5 1 70 69 
5 5 1 80 84 
3 5 1 100 103 
8 5 1 90 99 
5 5 1 90 94 
4 5 1 100 104 
8 5 1 100 110 
4 5 1 90 93 
5 5 1 100 108 


# From 4 to 1
5 5 2 10 7 
5 5 2 20 17 
5 5 2 40 41 
1 5 2 50 45 
5 5 2 50 49 
1 5 2 60 58 
5 5 2 70 74 
8 5 2 70 76 
1 5 2 80 78 
3 5 2 80 81 
5 5 2 80 84 
8 5 2 80 87 
1 5 2 90 89 
3 5 2 90 90 
5 5 2 90 94 
8 5 2 90 99 
1 5 2 100 100 
3 5 2 100 103 
4 5 2 90 93 
5 5 2 100 108 
8 5 2 100 110 
4 5 2 100 105 


# From 4 to 2
5 5 3 20 18 
5 5 3 40 41 
1 5 3 40 34 
5 5 3 50 50 
1 5 3 50 45 
5 5 3 70 74 
2 5 3 50 47 
1 5 3 60 58 
5 5 3 80 84 
2 5 3 60 60 
8 5 3 70 77 
1 5 3 80 79 
8 5 3 80 87 
5 5 3 90 94 
2 5 3 70 68 
1 5 3 90 89 
2 5 3 80 80 
8 5 3 90 99 
4 5 3 90 93 
5 5 3 100 108 
2 5 3 100 101 
1 5 3 100 100 
8 5 3 100 110 
4 5 3 100 105 


# From 4 to 3
5 5 4 10 8 
5 5 4 20 17 
2 5 4 20 14 
5 5 4 30 28 
7 5 4 30 31 
2 5 4 30 24 
6 5 4 30 29 
5 5 4 40 41 
8 5 4 30 33 
7 5 4 50 52 
2 5 4 40 36 
6 5 4 40 43 
1 5 4 40 35 
5 5 4 50 50 
8 5 4 40 44 
7 5 4 60 66 
2 5 4 50 47 
6 5 4 90 96 
1 5 4 50 46 
3 5 4 60 63 
5 5 4 80 84 
8 5 4 50 55 
7 5 4 80 86 
2 5 4 60 60 
6 5 4 100 109 
1 5 4 60 58 
3 5 4 70 70 
8 5 4 80 88 
5 5 4 90 94 
2 5 4 70 68 
8 5 4 100 110 
1 5 4 80 79 
3 5 4 100 103 
5 5 4 100 108 
2 5 4 80 80 
1 5 4 100 100 
2 5 4 100 101 


# From 4 to 5
5 5 6 30 28 
5 5 6 60 65 
5 5 6 70 74 
3 5 6 70 71 
5 5 6 90 95 
3 5 6 100 103 
5 5 6 100 108 
4 5 6 100 106 
8 5 6 100 110 


# From 4 to 6
5 5 7 10 7 
2 5 7 20 14 
5 5 7 20 17 
2 5 7 30 24 
5 5 7 40 41 
2 5 7 40 36 
1 5 7 50 46 
5 5 7 50 49 
2 5 7 60 61 
1 5 7 60 57 
5 5 7 60 65 
2 5 7 70 68 
1 5 7 70 67 
6 5 7 80 85 
5 5 7 70 75 
8 5 7 70 77 
6 5 7 90 97 
5 5 7 90 95 
3 5 7 70 72 
8 5 7 80 88 
4 5 7 90 92 


# From 4 to 7
5 5 8 10 7 
2 5 8 20 14 
5 5 8 20 17 
7 5 8 30 31 
2 5 8 30 24 
5 5 8 30 28 
7 5 8 50 53 
2 5 8 60 62 
6 5 8 30 29 
5 5 8 80 84 
7 5 8 60 66 
2 5 8 70 68 
6 5 8 40 43 
5 5 8 90 95 
3 5 8 60 63 
7 5 8 80 86 
2 5 8 100 102 
6 5 8 90 98 
5 5 8 100 108 
4 5 8 60 64 
3 5 8 70 70 
6 5 8 100 109 
4 5 8 80 83 
3 5 8 100 103 
4 5 8 90 93 
4 5 8 100 107 


# From 5 to 0
6 6 1 20 19 
5 6 1 40 41 
6 6 1 30 29 
5 6 1 50 49 
8 6 1 30 33 
6 6 1 40 43 
5 6 1 70 74 
4 6 1 30 27 
8 6 1 50 54 
6 6 1 90 98 
3 6 1 70 69 
5 6 1 80 84 
4 6 1 40 38 
8 6 1 90 99 
6 6 1 100 109 
3 6 1 100 103 
5 6 1 90 94 
4 6 1 50 48 
8 6 1 100 110 
4 6 1 100 104 
4 6 1 90 93 
5 6 1 100 108 
4 6 1 60 64 


# From 5 to 1
6 6 2 20 19 
5 6 2 20 17 
6 6 2 30 29 
5 6 2 40 41 
8 6 2 30 32 
6 6 2 40 43 
1 6 2 50 45 
5 6 2 50 49 
8 6 2 50 54 
6 6 2 80 85 
1 6 2 60 58 
5 6 2 70 74 
8 6 2 70 76 
7 6 2 80 86 
6 6 2 90 98 
1 6 2 80 78 
3 6 2 80 81 
5 6 2 80 84 
8 6 2 80 87 
8 6 2 90 99 
6 6 2 100 109 
1 6 2 90 89 
3 6 2 90 90 
5 6 2 90 94 
8 6 2 100 110 
1 6 2 100 100 
3 6 2 100 103 
4 6 2 90 93 
5 6 2 100 108 
4 6 2 100 105 


# From 5 to 2
6 6 3 20 19 
5 6 3 20 18 
6 6 3 30 29 
5 6 3 40 41 
8 6 3 30 33 
6 6 3 40 42 
1 6 3 40 34 
5 6 3 50 50 
4 6 3 30 26 
8 6 3 40 44 
6 6 3 80 85 
1 6 3 50 45 
5 6 3 70 74 
4 6 3 40 39 
8 6 3 50 55 
7 6 3 80 86 
6 6 3 90 98 
2 6 3 50 47 
1 6 3 60 58 
5 6 3 80 84 
4 6 3 50 48 
8 6 3 70 77 
8 6 3 80 87 
8 6 3 90 99 
6 6 3 100 109 
2 6 3 60 60 
1 6 3 80 79 
5 6 3 90 94 
4 6 3 60 64 
2 6 3 80 80 
1 6 3 90 89 
8 6 3 100 110 
2 6 3 70 68 
4 6 3 90 93 
5 6 3 100 108 
4 6 3 80 82 
2 6 3 100 101 
1 6 3 100 100 
4 6 3 100 105 


# From 5 to 3
6 6 4 20 19 
5 6 4 20 17 
6 6 4 30 29 
2 6 4 20 14 
5 6 4 30 28 
8 6 4 30 33 
6 6 4 40 43 
7 6 4 30 31 
2 6 4 30 24 
5 6 4 40 41 
8 6 4 40 44 
6 6 4 90 96 
7 6 4 50 52 
2 6 4 40 36 
1 6 4 40 35 
5 6 4 50 50 
3 6 4 60 63 
8 6 4 50 55 
6 6 4 100 109 
7 6 4 60 66 
2 6 4 50 47 
1 6 4 50 46 
5 6 4 80 84 
3 6 4 70 70 
8 6 4 80 88 
8 6 4 100 110 
7 6 4 80 86 
2 6 4 60 60 
1 6 4 60 58 
5 6 4 90 94 
3 6 4 100 103 
2 6 4 70 68 
1 6 4 80 79 
5 6 4 100 108 
2 6 4 80 80 
1 6 4 100 100 
2 6 4 100 101 


# From 5 to 4
6 6 5 20 19 
6 6 5 30 29 
8 6 5 30 33 
6 6 5 40 43 
4 6 5 30 27 
8 6 5 40 44 
6 6 5 90 96 
4 6 5 40 40 
3 6 5 60 63 
8 6 5 50 55 
4 6 5 90 91 
6 6 5 100 109 
4 6 5 50 48 
4 6 5 60 64 
3 6 5 70 70 
8 6 5 70 77 
4 6 5 100 105 
8 6 5 100 110 
4 6 5 80 83 
3 6 5 80 81 
8 6 5 80 88 
2 6 5 100 102 
3 6 5 90 90 
8 6 5 90 99 
3 6 5 100 103 
1 6 5 90 89 
1 6 5 100 100 


# From 5 to 6
6 6 7 20 19 
5 6 7 20 17 
6 6 7 40 43 
2 6 7 20 14 
5 6 7 40 41 
6 6 7 80 85 
2 6 7 30 24 
1 6 7 50 46 
5 6 7 50 49 
6 6 7 90 97 
2 6 7 40 36 
1 6 7 60 57 
5 6 7 60 65 
2 6 7 60 61 
1 6 7 70 67 
5 6 7 70 75 
2 6 7 70 68 
5 6 7 90 95 
8 6 7 70 77 
3 6 7 70 72 
8 6 7 80 88 
4 6 7 90 92 


# From 5 to 7
6 6 8 30 29 
6 6 8 40 43 
5 6 8 80 84 
6 6 8 90 98 
5 6 8 90 95 
6 6 8 100 109 
5 6 8 100 108 


# From 6 to 0
7 7 1 10 9 
4 7 1 10 6 
7 7 1 20 21 
5 7 1 40 41 
4 7 1 30 27 
7 7 1 30 31 
5 7 1 50 49 
4 7 1 40 38 
8 7 1 30 33 
7 7 1 50 53 
5 7 1 70 74 
4 7 1 50 48 
8 7 1 50 54 
7 7 1 60 66 
3 7 1 70 69 
5 7 1 80 84 
4 7 1 60 64 
8 7 1 90 99 
7 7 1 80 86 
3 7 1 100 103 
5 7 1 90 94 
4 7 1 90 93 
8 7 1 100 110 
4 7 1 100 104 
5 7 1 100 108 


# From 6 to 1
7 7 2 10 9 
4 7 2 10 6 
7 7 2 20 21 
5 7 2 10 7 
4 7 2 20 16 
5 7 2 20 17 
7 7 2 30 31 
4 7 2 30 26 
5 7 2 40 41 
8 7 2 30 32 
7 7 2 50 51 
3 7 2 30 25 
4 7 2 40 38 
1 7 2 50 45 
5 7 2 50 49 
8 7 2 50 54 
7 7 2 60 66 
3 7 2 80 81 
4 7 2 50 48 
1 7 2 60 58 
5 7 2 70 74 
8 7 2 70 76 
7 7 2 80 86 
3 7 2 90 90 
4 7 2 60 64 
1 7 2 80 78 
5 7 2 80 84 
8 7 2 80 87 
3 7 2 100 103 
4 7 2 80 82 
1 7 2 90 89 
5 7 2 90 94 
8 7 2 90 99 
4 7 2 100 105 
4 7 2 90 93 
1 7 2 100 100 
5 7 2 100 108 
8 7 2 100 110 


# From 6 to 2
7 7 3 10 9 
4 7 3 10 6 
7 7 3 20 20 
5 7 3 20 18 
4 7 3 30 26 
7 7 3 30 31 
5 7 3 40 41 
4 7 3 40 39 
8 7 3 30 33 
7 7 3 50 51 
1 7 3 40 34 
5 7 3 50 50 
4 7 3 50 48 
8 7 3 40 44 
2 7 3 50 47 
7 7 3 60 66 
1 7 3 50 45 
5 7 3 70 74 
4 7 3 60 64 
8 7 3 50 55 
2 7 3 60 60 
7 7 3 80 86 
1 7 3 60 58 
5 7 3 80 84 
4 7 3 80 82 
8 7 3 70 77 
2 7 3 70 68 
8 7 3 80 87 
1 7 3 80 79 
5 7 3 90 94 
4 7 3 90 93 
2 7 3 80 80 
8 7 3 90 99 
1 7 3 90 89 
5 7 3 100 108 
4 7 3 100 105 
2 7 3 100 101 
8 7 3 100 110 
1 7 3 100 100 


# From 6 to 3
7 7 4 10 9 
7 7 4 30 31 
8 7 4 30 33 
7 7 4 50 52 
8 7 4 40 44 
7 7 4 60 66 
3 7 4 60 63 
8 7 4 50 55 
7 7 4 80 86 
3 7 4 70 70 
8 7 4 80 88 
5 7 4 80 84 
3 7 4 100 103 
8 7 4 100 110 
5 7 4 90 94 
5 7 4 100 108 


# From 6 to 4
7 7 5 10 9 
4 7 5 10 6 
7 7 5 20 21 
4 7 5 30 27 
7 7 5 30 31 
4 7 5 40 40 
8 7 5 30 33 
7 7 5 50 52 
4 7 5 50 48 
8 7 5 40 44 
7 7 5 60 66 
4 7 5 60 64 
3 7 5 60 63 
8 7 5 50 55 
7 7 5 80 86 
4 7 5 80 83 
3 7 5 70 70 
8 7 5 70 77 
8 7 5 80 88 
4 7 5 90 91 
3 7 5 80 81 
8 7 5 90 99 
4 7 5 100 105 
2 7 5 100 102 
3 7 5 90 90 
1 7 5 90 89 
8 7 5 100 110 
3 7 5 100 103 
1 7 5 100 100 


# From 6 to 5
7 7 6 10 9 
4 7 6 10 6 
7 7 6 20 21 
5 7 6 30 28 
4 7 6 30 27 
7 7 6 30 30 
5 7 6 60 65 
4 7 6 40 40 
7 7 6 50 52 
5 7 6 70 74 
4 7 6 50 48 
7 7 6 60 66 
3 7 6 70 71 
5 7 6 90 95 
4 7 6 60 64 
3 7 6 60 63 
7 7 6 80 86 
3 7 6 100 103 
5 7 6 100 108 
4 7 6 70 73 
8 7 6 80 88 
4 7 6 100 106 
8 7 6 100 110 
4 7 6 80 83 
4 7 6 90 91 


# From 6 to 7
7 7 8 30 31 
7 7 8 50 53 
7 7 8 60 66 
3 7 8 60 63 
7 7 8 80 86 
4 7 8 60 64 
3 7 8 70 70 
5 7 8 80 84 
4 7 8 80 83 
3 7 8 100 103 
5 7 8 90 95 
4 7 8 90 93 
4 7 8 100 107 
6 7 8 90 98 
5 7 8 100 108 
6 7 8 100 109 


# From 7 to 0
8 8 1 10 10 
8 8 1 20 22 
5 8 1 40 41 
8 8 1 30 33 
5 8 1 50 49 
4 8 1 30 27 
8 8 1 50 54 
5 8 1 70 74 
4 8 1 40 38 
8 8 1 90 99 
3 8 1 70 69 
5 8 1 80 84 
4 8 1 50 48 
8 8 1 100 110 
3 8 1 100 103 
5 8 1 90 94 
4 8 1 60 64 
4 8 1 100 104 
4 8 1 90 93 
5 8 1 100 108 


# From 7 to 1
8 8 2 10 10 
1 8 2 30 23 
8 8 2 30 32 
1 8 2 50 45 
8 8 2 50 54 
1 8 2 60 58 
8 8 2 70 76 
1 8 2 80 78 
8 8 2 80 87 
1 8 2 90 89 
8 8 2 90 99 
1 8 2 100 100 
8 8 2 100 110 
4 8 2 100 105 


# From 7 to 2
8 8 3 20 22 
5 8 3 20 18 
8 8 3 30 33 
5 8 3 40 41 
4 8 3 30 26 
8 8 3 40 44 
1 8 3 40 34 
5 8 3 50 50 
4 8 3 40 39 
8 8 3 50 55 
1 8 3 50 45 
5 8 3 70 74 
4 8 3 50 48 
8 8 3 70 77 
2 8 3 50 47 
1 8 3 60 58 
5 8 3 80 84 
4 8 3 60 64 
8 8 3 80 87 
2 8 3 60 60 
1 8 3 80 79 
5 8 3 90 94 
4 8 3 80 82 
2 8 3 80 80 
8 8 3 90 99 
2 8 3 70 68 
1 8 3 90 89 
4 8 3 90 93 
5 8 3 100 108 
2 8 3 100 101 
8 8 3 100 110 
1 8 3 100 100 
4 8 3 100 105 


# From 7 to 3
8 8 4 10 11 
7 8 4 10 9 
8 8 4 30 33 
7 8 4 30 31 
8 8 4 40 44 
7 8 4 50 52 
3 8 4 60 63 
8 8 4 50 55 
7 8 4 60 66 
3 8 4 70 70 
8 8 4 80 88 
7 8 4 80 86 
5 8 4 80 84 
3 8 4 100 103 
8 8 4 100 110 
5 8 4 90 94 
5 8 4 100 108 


# From 7 to 4
8 8 5 10 11 
7 8 5 10 9 
8 8 5 20 22 
4 8 5 10 6 
7 8 5 20 21 
8 8 5 30 33 
4 8 5 30 27 
7 8 5 30 31 
8 8 5 40 44 
4 8 5 40 40 
7 8 5 50 52 
3 8 5 60 63 
8 8 5 50 55 
4 8 5 50 48 
7 8 5 60 66 
4 8 5 60 64 
3 8 5 70 70 
8 8 5 70 77 
7 8 5 80 86 
4 8 5 80 83 
3 8 5 80 81 
8 8 5 80 88 
4 8 5 90 91 
2 8 5 100 102 
3 8 5 90 90 
8 8 5 90 99 
4 8 5 100 105 
3 8 5 100 103 
1 8 5 90 89 
8 8 5 100 110 
1 8 5 100 100 


# From 7 to 5
8 8 6 10 10 
1 8 6 10 1 
8 8 6 20 22 
1 8 6 20 12 
5 8 6 30 28 
8 8 6 30 33 
1 8 6 30 23 
5 8 6 60 65 
4 8 6 30 27 
8 8 6 40 44 
2 8 6 30 24 
1 8 6 40 35 
5 8 6 70 74 
4 8 6 40 40 
3 8 6 60 63 
8 8 6 50 55 
7 8 6 30 30 
2 8 6 40 37 
1 8 6 50 46 
3 8 6 70 71 
5 8 6 90 95 
4 8 6 50 48 
4 8 6 60 64 
8 8 6 70 77 
7 8 6 50 52 
2 8 6 50 47 
1 8 6 60 56 
3 8 6 100 103 
5 8 6 100 108 
4 8 6 70 73 
8 8 6 80 88 
7 8 6 60 66 
2 8 6 60 60 
1 8 6 70 67 
4 8 6 100 106 
8 8 6 100 110 
4 8 6 80 83 
7 8 6 80 86 
2 8 6 70 68 
1 8 6 80 79 
4 8 6 90 91 
2 8 6 80 80 
1 8 6 100 100 
2 8 6 100 101 


# From 7 to 6
8 8 7 10 11 
8 8 7 20 22 
5 8 7 20 17 
8 8 7 30 32 
2 8 7 20 14 
5 8 7 40 41 
2 8 7 30 24 
8 8 7 50 54 
1 8 7 50 46 
5 8 7 50 49 
2 8 7 40 36 
8 8 7 70 77 
1 8 7 60 57 
5 8 7 60 65 
2 8 7 60 61 
3 8 7 70 72 
8 8 7 80 88 
1 8 7 70 67 
6 8 7 80 85 
5 8 7 70 75 
2 8 7 70 68 
4 8 7 90 92 
6 8 7 90 97 
5 8 7 90 95 


