
current time: 10

------------------------------------------- BUNDLE -------------------------------------------

Destination     SenderNode      Size            Deadline        Bundle EVC      DlvConfidence
5               0               0               9000010         36              0.00
PriorityLevel   Ordinal         Critical        ReturnToSender  Probe           Fragmentable
Normal          0               no              no              no              no

Excluded neighbors: 

----------------------------------------------------------------------------------------------

----------------------------------------------------- CONTACTS GRAPH -----------------------------------------------------
Time: 10
Region          FromNode        ToNode          FromTime        ToTime          XmitRate        Confidence      Citations
1               1               2               0               20              1000            1.00            0
1               1               2               100             120             1000            1.00            0
1               1               9               20              40              1000            1.00            0
1               1               9               80              100             1000            1.00            0
1               1               9               140             160             1000            1.00            0
1               2               3               20              40              1000            1.00            0
1               2               3               120             140             1000            1.00            0
1               2               12              0               20              1000            1.00            0
1               2               12              60              80              1000            1.00            0
1               2               12              120             160             1000            1.00            0
1               3               4               40              60              1000            1.00            0
1               3               4               140             160             1000            1.00            0
1               3               10              40              60              1000            1.00            0
1               3               10              100             120             1000            1.00            0
1               3               10              160             180             1000            1.00            0
1               4               1               80              100             1000            1.00            0
1               4               1               160             180             1000            1.00            0
1               4               6               0               20              1000            1.00            0
1               4               6               80              100             1000            1.00            0
1               4               6               120             140             1000            1.00            0
1               5               4               20              40              1000            1.00            0
1               5               4               60              80              1000            1.00            0
1               6               4               0               20              1000            1.00            0
1               6               4               80              100             1000            1.00            0
1               6               4               120             140             1000            1.00            0
1               6               5               0               20              1000            1.00            0
1               6               5               40              60              1000            1.00            0
1               6               7               40              60              1000            1.00            0
1               6               7               60              80              1000            1.00            0
1               6               7               100             120             1000            1.00            0
1               6               14              0               20              1000            1.00            0
1               6               14              40              60              1000            1.00            0
1               6               14              80              100             1000            1.00            0
1               6               14              120             140             1000            1.00            0
1               6               14              160             180             1000            1.00            0
1               7               1               0               20              1000            1.00            0
1               7               1               40              60              1000            1.00            0
1               7               1               100             120             1000            1.00            0
1               7               15              40              60              1000            1.00            0
1               7               15              80              100             1000            1.00            0
1               7               15              120             140             1000            1.00            0
1               7               15              160             180             1000            1.00            0
1               8               2               40              60              1000            1.00            0
1               8               2               100             120             1000            1.00            0
1               9               1               20              40              1000            1.00            0
1               9               1               80              100             1000            1.00            0
1               9               1               140             160             1000            1.00            0
1               9               7               0               20              1000            1.00            0
1               9               7               80              100             1000            1.00            0
1               9               8               20              40              1000            1.00            0
1               9               8               60              80              1000            1.00            0
1               9               8               140             160             1000            1.00            0
1               9               14              0               20              1000            1.00            0
1               9               14              40              60              1000            1.00            0
1               9               14              80              100             1000            1.00            0
1               9               14              120             140             1000            1.00            0
1               9               14              160             180             1000            1.00            0
1               10              3               40              60              1000            1.00            0
1               10              3               100             120             1000            1.00            0
1               10              3               160             180             1000            1.00            0
1               10              5               20              40              1000            1.00            0
1               10              5               60              80              1000            1.00            0
1               10              11              20              40              1000            1.00            0
1               10              11              60              80              1000            1.00            0
1               10              13              0               20              1000            1.00            0
1               10              13              40              60              1000            1.00            0
1               10              13              80              100             1000            1.00            0
1               10              13              120             140             1000            1.00            0
1               10              13              160             180             1000            1.00            0
1               11              3               40              60              1000            1.00            0
1               11              3               80              100             1000            1.00            0
1               11              15              0               20              1000            1.00            0
1               11              15              40              60              1000            1.00            0
1               11              15              80              100             1000            1.00            0
1               11              15              120             140             1000            1.00            0
1               11              15              160             180             1000            1.00            0
1               12              2               0               20              1000            1.00            0
1               12              2               60              80              1000            1.00            0
1               12              2               120             160             1000            1.00            0
1               12              8               0               20              1000            1.00            0
1               12              8               40              60              1000            1.00            0
1               12              11              0               20              1000            1.00            0
1               12              11              40              60              1000            1.00            0
1               12              13              0               20              1000            1.00            0
1               12              13              40              60              1000            1.00            0
1               12              13              80              100             1000            1.00            0
1               12              13              120             140             1000            1.00            0
1               12              13              160             180             1000            1.00            0
1               13              10              0               20              1000            1.00            0
1               13              10              40              60              1000            1.00            0
1               13              10              80              100             1000            1.00            0
1               13              10              120             140             1000            1.00            0
1               13              10              160             180             1000            1.00            0
1               13              12              0               20              1000            1.00            0
1               13              12              40              60              1000            1.00            0
1               13              12              80              100             1000            1.00            0
1               13              12              120             140             1000            1.00            0
1               13              12              160             180             1000            1.00            0
1               14              6               0               20              1000            1.00            0
1               14              6               40              60              1000            1.00            0
1               14              6               80              100             1000            1.00            0
1               14              6               120             140             1000            1.00            0
1               14              6               160             180             1000            1.00            0
1               14              9               0               20              1000            1.00            0
1               14              9               40              60              1000            1.00            0
1               14              9               80              100             1000            1.00            0
1               14              9               120             140             1000            1.00            0
1               14              9               160             180             1000            1.00            0
1               15              7               40              60              1000            1.00            0
1               15              7               80              100             1000            1.00            0
1               15              7               120             140             1000            1.00            0
1               15              7               160             180             1000            1.00            0
1               15              11              0               20              1000            1.00            0
1               15              11              40              60              1000            1.00            0
1               15              11              80              100             1000            1.00            0
1               15              11              120             140             1000            1.00            0
1               15              11              160             180             1000            1.00            0

--------------------------------------------------------------------------------------------------------------------------

---------------------------- RANGES GRAPH ----------------------------
Time: 10
FromNode        ToNode          FromTime        ToTime          OWLT
1               2               0               20              0
1               2               100             120             0
1               9               20              40              0
1               9               80              100             0
1               9               140             160             0
2               3               20              40              0
2               3               120             140             0
2               12              0               20              0
2               12              60              80              0
2               12              120             160             0
3               4               40              60              0
3               4               140             160             0
3               10              40              60              0
3               10              100             120             0
3               10              160             180             0
4               1               80              100             0
4               1               160             180             0
4               6               0               20              0
4               6               80              100             0
4               6               120             140             0
5               4               20              40              0
5               4               60              80              0
6               4               0               20              0
6               4               80              100             0
6               4               120             140             0
6               5               0               20              0
6               5               40              60              0
6               7               40              60              0
6               7               60              80              0
6               7               100             120             0
6               14              0               20              0
6               14              40              60              0
6               14              80              100             0
6               14              120             140             0
6               14              160             180             0
7               1               0               20              0
7               1               40              60              0
7               1               100             120             0
7               15              40              60              0
7               15              80              100             0
7               15              120             140             0
7               15              160             180             0
8               2               40              60              0
8               2               100             120             0
9               1               20              40              0
9               1               80              100             0
9               1               140             160             0
9               7               0               20              0
9               7               80              100             0
9               8               20              40              0
9               8               60              80              0
9               8               140             160             0
9               14              0               20              0
9               14              40              60              0
9               14              80              100             0
9               14              120             140             0
9               14              160             180             0
10              3               40              60              0
10              3               100             120             0
10              3               160             180             0
10              5               20              40              0
10              5               60              80              0
10              11              20              40              0
10              11              60              80              0
10              13              0               20              0
10              13              40              60              0
10              13              80              100             0
10              13              120             140             0
10              13              160             180             0
11              3               40              60              0
11              3               80              100             0
11              15              0               20              0
11              15              40              60              0
11              15              80              100             0
11              15              120             140             0
11              15              160             180             0
12              2               0               20              0
12              2               60              80              0
12              2               120             160             0
12              8               0               20              0
12              8               40              60              0
12              11              0               20              0
12              11              40              60              0
12              13              0               20              0
12              13              40              60              0
12              13              80              100             0
12              13              120             140             0
12              13              160             180             0
13              10              0               20              0
13              10              40              60              0
13              10              80              100             0
13              10              120             140             0
13              10              160             180             0
13              12              0               20              0
13              12              40              60              0
13              12              80              100             0
13              12              120             140             0
13              12              160             180             0
14              6               0               20              0
14              6               40              60              0
14              6               80              100             0
14              6               120             140             0
14              6               160             180             0
14              9               0               20              0
14              9               40              60              0
14              9               80              100             0
14              9               120             140             0
14              9               160             180             0
15              7               40              60              0
15              7               80              100             0
15              7               120             140             0
15              7               160             180             0
15              11              0               20              0
15              11              40              60              0
15              11              80              100             0
15              11              120             140             0
15              11              160             180             0

----------------------------------------------------------------------

--------------------------------------------------------- PHASE ONE: COMPUTED ROUTES ----------------------------------------------------------

1) ComputedAtTime: 10
Neighbor        FromTime        ToTime          ArrivalTime     OwltSum         Confidence      Children        Father          Hops            SP
13              0               20              20              0               1.00            0               no              3               0.000000
FromNode        ToNode          FromTime        ToTime          XmitRate        Confidence      MTV[Bulk]       MTV[Normal]     MTV[Expedited]
12              13              0               20              1000            1.00            20000           20000           20000
13              10              0               20              1000            1.00            20000           20000           20000
10              5               20              40              1000            1.00            20000           20000           20000

2) ComputedAtTime: 10
Neighbor        FromTime        ToTime          ArrivalTime     OwltSum         Confidence      Children        Father          Hops            SP
2               0               20              60              0               1.00            0               no              4               0.000000
FromNode        ToNode          FromTime        ToTime          XmitRate        Confidence      MTV[Bulk]       MTV[Normal]     MTV[Expedited]
12              2               0               20              1000            1.00            20000           20000           20000
2               3               20              40              1000            1.00            20000           20000           20000
3               10              40              60              1000            1.00            20000           20000           20000
10              5               60              80              1000            1.00            20000           20000           20000

3) ComputedAtTime: 10
Neighbor        FromTime        ToTime          ArrivalTime     OwltSum         Confidence      Children        Father          Hops            SP
11              0               20              60              0               1.00            0               no              4               0.000000
FromNode        ToNode          FromTime        ToTime          XmitRate        Confidence      MTV[Bulk]       MTV[Normal]     MTV[Expedited]
12              11              0               20              1000            1.00            20000           20000           20000
11              3               40              60              1000            1.00            20000           20000           20000
3               10              40              60              1000            1.00            20000           20000           20000
10              5               60              80              1000            1.00            20000           20000           20000

-----------------------------------------------------------------------------------------------------------------------------------------------

--------------------------------------------------------- PHASE TWO: CANDIDATE ROUTES ---------------------------------------------------------

Route n.        ETO             PBAT            RVL             Overbooked (G)  Overbooked (U)  Protected (G)   Protected (U)
1)              10              20              10000           0               0               0               0
2)              10              60              10000           0               0               0               0
3)              10              60              10000           0               0               0               0

-----------------------------------------------------------------------------------------------------------------------------------------------

------------ PHASE THREE: BEST ROUTES ------------

Route n.        Neighbor
1)              13

--------------------------------------------------
