
current time: 55

------------------------------------------- BUNDLE -------------------------------------------

Destination     SenderNode      Size            Deadline        Bundle EVC      DlvConfidence
9               0               0               9000055         36              0.00
PriorityLevel   Ordinal         Critical        ReturnToSender  Probe           Fragmentable
Normal          0               no              no              no              no

Excluded neighbors: 

----------------------------------------------------------------------------------------------

----------------------------------------------------- CONTACTS GRAPH -----------------------------------------------------
Time: 55
Region          FromNode        ToNode          FromTime        ToTime          XmitRate        Confidence      Citations
1               1               4               50              60              1000            1.00            0
1               1               14              40              60              1000            1.00            0
1               1               14              80              100             1000            1.00            0
1               1               14              120             140             1000            1.00            0
1               1               14              160             180             1000            1.00            0
1               2               3               80              90              1000            1.00            0
1               2               13              40              60              1000            1.00            0
1               2               13              80              100             1000            1.00            0
1               2               13              120             140             1000            1.00            0
1               2               13              160             180             1000            1.00            0
1               4               2               130             140             1000            1.00            0
1               4               5               50              60              1000            1.00            0
1               4               7               60              70              1000            1.00            0
1               4               8               70              80              1000            1.00            0
1               5               1               80              90              1000            1.00            0
1               5               2               70              80              1000            1.00            0
1               5               2               100             110             1000            1.00            0
1               5               4               110             120             1000            1.00            0
1               5               6               50              60              1000            1.00            0
1               5               6               120             130             1000            1.00            0
1               5               6               180             190             1000            1.00            0
1               5               8               120             130             1000            1.00            0
1               5               15              40              60              1000            1.00            0
1               5               15              80              100             1000            1.00            0
1               5               15              120             140             1000            1.00            0
1               5               15              160             180             1000            1.00            0
1               6               3               60              70              1000            1.00            0
1               6               5               110             120             1000            1.00            0
1               6               9               60              70              1000            1.00            0
1               6               9               120             130             1000            1.00            0
1               7               1               60              70              1000            1.00            0
1               7               14              40              60              1000            1.00            0
1               7               14              80              100             1000            1.00            0
1               7               14              120             140             1000            1.00            0
1               7               14              160             180             1000            1.00            0
1               8               4               120             130             1000            1.00            0
1               8               5               70              80              1000            1.00            0
1               8               5               170             180             1000            1.00            0
1               8               6               60              70              1000            1.00            0
1               8               9               80              90              1000            1.00            0
1               8               11              130             140             1000            1.00            0
1               8               13              40              60              1000            1.00            0
1               8               13              80              100             1000            1.00            0
1               8               13              120             140             1000            1.00            0
1               8               13              160             180             1000            1.00            0
1               9               5               70              80              1000            1.00            0
1               9               5               100             110             1000            1.00            0
1               9               6               110             120             1000            1.00            0
1               9               6               160             170             1000            1.00            0
1               9               8               110             120             1000            1.00            0
1               9               12              120             130             1000            1.00            0
1               10              7               50              60              1000            1.00            0
1               10              8               60              70              1000            1.00            0
1               10              8               160             170             1000            1.00            0
1               10              11              140             150             1000            1.00            0
1               11              8               100             110             1000            1.00            0
1               11              9               90              100             1000            1.00            0
1               11              9               150             160             1000            1.00            0
1               11              10              50              60              1000            1.00            0
1               11              12              140             150             1000            1.00            0
1               11              15              40              60              1000            1.00            0
1               11              15              80              100             1000            1.00            0
1               11              15              120             140             1000            1.00            0
1               11              15              160             180             1000            1.00            0
1               12              9               60              70              1000            1.00            0
1               13              2               40              60              1000            1.00            0
1               13              2               80              100             1000            1.00            0
1               13              2               120             140             1000            1.00            0
1               13              2               160             180             1000            1.00            0
1               13              8               40              60              1000            1.00            0
1               13              8               80              100             1000            1.00            0
1               13              8               120             140             1000            1.00            0
1               13              8               160             180             1000            1.00            0
1               14              1               40              60              1000            1.00            0
1               14              1               80              100             1000            1.00            0
1               14              1               120             140             1000            1.00            0
1               14              1               160             180             1000            1.00            0
1               14              7               40              60              1000            1.00            0
1               14              7               80              100             1000            1.00            0
1               14              7               120             140             1000            1.00            0
1               14              7               160             180             1000            1.00            0
1               15              5               40              60              1000            1.00            0
1               15              5               80              100             1000            1.00            0
1               15              5               120             140             1000            1.00            0
1               15              5               160             180             1000            1.00            0
1               15              11              40              60              1000            1.00            0
1               15              11              80              100             1000            1.00            0
1               15              11              120             140             1000            1.00            0
1               15              11              160             180             1000            1.00            0

--------------------------------------------------------------------------------------------------------------------------

---------------------------- RANGES GRAPH ----------------------------
Time: 55
FromNode        ToNode          FromTime        ToTime          OWLT
1               4               50              60              0
1               14              40              60              0
1               14              80              100             0
1               14              120             140             0
1               14              160             180             0
2               3               80              90              0
2               13              40              60              0
2               13              80              100             0
2               13              120             140             0
2               13              160             180             0
4               2               130             140             0
4               5               50              60              0
4               7               60              70              0
4               8               70              80              0
5               1               80              90              0
5               2               70              80              0
5               2               100             110             0
5               4               110             120             0
5               6               50              60              0
5               6               120             130             0
5               6               180             190             0
5               8               120             130             0
5               15              40              60              0
5               15              80              100             0
5               15              120             140             0
5               15              160             180             0
6               3               60              70              0
6               5               110             120             0
6               9               60              70              0
6               9               120             130             0
7               1               60              70              0
7               14              40              60              0
7               14              80              100             0
7               14              120             140             0
7               14              160             180             0
8               4               120             130             0
8               5               70              80              0
8               5               170             180             0
8               6               60              70              0
8               9               80              90              0
8               11              130             140             0
8               13              40              60              0
8               13              80              100             0
8               13              120             140             0
8               13              160             180             0
9               5               70              80              0
9               5               100             110             0
9               6               110             120             0
9               6               160             170             0
9               8               110             120             0
9               12              120             130             0
10              7               50              60              0
10              8               60              70              0
10              8               160             170             0
10              11              140             150             0
11              8               100             110             0
11              9               90              100             0
11              9               150             160             0
11              10              50              60              0
11              12              140             150             0
11              15              40              60              0
11              15              80              100             0
11              15              120             140             0
11              15              160             180             0
12              9               60              70              0
13              2               40              60              0
13              2               80              100             0
13              2               120             140             0
13              2               160             180             0
13              8               40              60              0
13              8               80              100             0
13              8               120             140             0
13              8               160             180             0
14              1               40              60              0
14              1               80              100             0
14              1               120             140             0
14              1               160             180             0
14              7               40              60              0
14              7               80              100             0
14              7               120             140             0
14              7               160             180             0
15              5               40              60              0
15              5               80              100             0
15              5               120             140             0
15              5               160             180             0
15              11              40              60              0
15              11              80              100             0
15              11              120             140             0
15              11              160             180             0

----------------------------------------------------------------------

--------------------------------------------------------- PHASE ONE: COMPUTED ROUTES ----------------------------------------------------------

1) ComputedAtTime: 55
Neighbor        FromTime        ToTime          ArrivalTime     OwltSum         Confidence      Children        Father          Hops            SP
5               50              60              60              0               1.00            0               no              3               0.789044
FromNode        ToNode          FromTime        ToTime          XmitRate        Confidence      MTV[Bulk]       MTV[Normal]     MTV[Expedited]
4               5               50              60              1000            1.00            10000           10000           10000
5               6               50              60              1000            1.00            10000           10000           10000
6               9               60              70              1000            1.00            10000           10000           10000

2) ComputedAtTime: 55
Neighbor        FromTime        ToTime          ArrivalTime     OwltSum         Confidence      Children        Father          Hops            SP
8               70              80              80              0               1.00            0               no              2               0.783700
FromNode        ToNode          FromTime        ToTime          XmitRate        Confidence      MTV[Bulk]       MTV[Normal]     MTV[Expedited]
4               8               70              80              1000            1.00            10000           10000           10000
8               9               80              90              1000            1.00            10000           10000           10000

3) ComputedAtTime: 55
Neighbor        FromTime        ToTime          ArrivalTime     OwltSum         Confidence      Children        Father          Hops            SP
2               130             140             150             0               1.00            0               no              5               0.000000
FromNode        ToNode          FromTime        ToTime          XmitRate        Confidence      MTV[Bulk]       MTV[Normal]     MTV[Expedited]
4               2               130             140             1000            1.00            10000           10000           10000
2               13              120             140             1000            1.00            20000           20000           20000
13              8               120             140             1000            1.00            20000           20000           20000
8               11              130             140             1000            1.00            10000           10000           10000
11              9               150             160             1000            1.00            10000           10000           10000

-----------------------------------------------------------------------------------------------------------------------------------------------

--------------------------------------------------------- PHASE TWO: CANDIDATE ROUTES ---------------------------------------------------------

Route n.        ETO             PBAT            RVL             Overbooked (G)  Overbooked (U)  Protected (G)   Protected (U)
1)              55              60              5000            0               0               0               0
2)              70              80              10000           0               0               0               0
3)              130             150             10000           0               0               0               0

-----------------------------------------------------------------------------------------------------------------------------------------------

------------ PHASE THREE: BEST ROUTES ------------

Route n.        Neighbor
1)              5

--------------------------------------------------
