
current time: 125

------------------------------------------- BUNDLE -------------------------------------------

Destination     SenderNode      Size            Deadline        Bundle EVC      DlvConfidence
12              15              0               9000125         36              1.00
PriorityLevel   Ordinal         Critical        ReturnToSender  Probe           Fragmentable
Normal          0               no              no              no              no

Excluded neighbors: 

----------------------------------------------------------------------------------------------

----------------------------------------------------- CONTACTS GRAPH -----------------------------------------------------
Time: 125
Region          FromNode        ToNode          FromTime        ToTime          XmitRate        Confidence      Citations
1               1               14              120             140             1000            1.00            0
1               1               14              160             180             1000            1.00            0
1               2               13              120             140             1000            1.00            0
1               2               13              160             180             1000            1.00            0
1               4               2               130             140             1000            1.00            0
1               5               6               120             130             1000            1.00            0
1               5               6               180             190             1000            1.00            0
1               5               8               120             130             1000            1.00            0
1               5               15              120             140             1000            1.00            0
1               5               15              160             180             1000            1.00            0
1               6               9               120             130             1000            1.00            0
1               7               14              120             140             1000            1.00            0
1               7               14              160             180             1000            1.00            0
1               8               4               120             130             1000            1.00            0
1               8               5               170             180             1000            1.00            0
1               8               11              130             140             1000            1.00            0
1               8               13              120             140             1000            1.00            0
1               8               13              160             180             1000            1.00            0
1               9               6               160             170             1000            1.00            0
1               9               12              120             130             1000            1.00            0
1               10              8               160             170             1000            1.00            0
1               10              11              140             150             1000            1.00            0
1               11              9               150             160             1000            1.00            0
1               11              12              140             150             1000            1.00            0
1               11              15              120             140             1000            1.00            0
1               11              15              160             180             1000            1.00            0
1               13              2               120             140             1000            1.00            0
1               13              2               160             180             1000            1.00            0
1               13              8               120             140             1000            1.00            0
1               13              8               160             180             1000            1.00            0
1               14              1               120             140             1000            1.00            0
1               14              1               160             180             1000            1.00            0
1               14              7               120             140             1000            1.00            0
1               14              7               160             180             1000            1.00            0
1               15              5               120             140             1000            1.00            0
1               15              5               160             180             1000            1.00            0
1               15              11              120             140             1000            1.00            0
1               15              11              160             180             1000            1.00            0

--------------------------------------------------------------------------------------------------------------------------

---------------------------- RANGES GRAPH ----------------------------
Time: 125
FromNode        ToNode          FromTime        ToTime          OWLT
1               14              120             140             0
1               14              160             180             0
2               13              120             140             0
2               13              160             180             0
4               2               130             140             0
5               6               120             130             0
5               6               180             190             0
5               8               120             130             0
5               15              120             140             0
5               15              160             180             0
6               9               120             130             0
7               14              120             140             0
7               14              160             180             0
8               4               120             130             0
8               5               170             180             0
8               11              130             140             0
8               13              120             140             0
8               13              160             180             0
9               6               160             170             0
9               12              120             130             0
10              8               160             170             0
10              11              140             150             0
11              9               150             160             0
11              12              140             150             0
11              15              120             140             0
11              15              160             180             0
13              2               120             140             0
13              2               160             180             0
13              8               120             140             0
13              8               160             180             0
14              1               120             140             0
14              1               160             180             0
14              7               120             140             0
14              7               160             180             0
15              5               120             140             0
15              5               160             180             0
15              11              120             140             0
15              11              160             180             0

----------------------------------------------------------------------

--------------------------------------------------------- PHASE ONE: COMPUTED ROUTES ----------------------------------------------------------

1) ComputedAtTime: 125
Neighbor        FromTime        ToTime          ArrivalTime     OwltSum         Confidence      Children        Father          Hops            SP
15              120             130             125             0               1.00            0               no              5               0.280000
FromNode        ToNode          FromTime        ToTime          XmitRate        Confidence      MTV[Bulk]       MTV[Normal]     MTV[Expedited]
11              15              120             140             1000            1.00            20000           20000           20000
15              5               120             140             1000            1.00            20000           20000           20000
5               6               120             130             1000            1.00            10000           10000           10000
6               9               120             130             1000            1.00            10000           10000           10000
9               12              120             130             1000            1.00            10000           10000           10000

2) ComputedAtTime: 125
Neighbor        FromTime        ToTime          ArrivalTime     OwltSum         Confidence      Children        Father          Hops            SP
12              140             150             140             0               1.00            0               no              1               0.850000
FromNode        ToNode          FromTime        ToTime          XmitRate        Confidence      MTV[Bulk]       MTV[Normal]     MTV[Expedited]
11              12              140             150             1000            1.00            10000           10000           10000

-----------------------------------------------------------------------------------------------------------------------------------------------

--------------------------------------------------------- PHASE TWO: CANDIDATE ROUTES ---------------------------------------------------------

Route n.        ETO             PBAT            RVL             Overbooked (G)  Overbooked (U)  Protected (G)   Protected (U)
1)              125             125             5000            0               0               0               0
2)              140             140             10000           0               0               0               0

-----------------------------------------------------------------------------------------------------------------------------------------------

------------ PHASE THREE: BEST ROUTES ------------

Route n.        Neighbor
2)              12

--------------------------------------------------
