# From 0 to 1
1 1 2 10 1 
7 1 2 20 19 
1 1 2 30 23 
3 1 2 20 12 
7 1 2 50 52 
1 1 2 50 45 
3 1 2 30 28 
7 1 2 60 63 
3 1 2 50 47 
6 1 2 30 32 
7 1 2 70 76 
3 1 2 70 68 
6 1 2 40 41 
6 1 2 50 50 
6 1 2 60 62 
6 1 2 70 74 


# From 0 to 2
1 1 3 10 1 
7 1 3 20 19 
1 1 3 30 23 
7 1 3 50 53 
2 1 3 40 34 
1 1 3 50 45 
7 1 3 60 63 
2 1 3 60 56 
1 1 3 80 78 
7 1 3 70 77 
2 1 3 90 91 


# From 0 to 3
1 1 4 30 24 
1 1 4 50 45 
3 1 4 50 48 
1 1 4 70 67 
3 1 4 80 84 
8 1 4 80 88 
1 1 4 80 79 
3 1 4 100 103 
8 1 4 90 99 
1 1 4 90 89 
6 1 4 90 95 
1 1 4 100 100 
6 1 4 100 109 
7 1 4 100 110 


# From 0 to 4
1 1 5 10 1 
7 1 5 30 33 
1 1 5 30 25 
7 1 5 40 43 
1 1 5 50 45 
7 1 5 50 54 
3 1 5 50 47 
1 1 5 90 89 
6 1 5 90 96 
7 1 5 60 63 
2 1 5 50 46 
3 1 5 100 104 
1 1 5 100 100 
6 1 5 100 108 
2 1 5 60 57 
7 1 5 90 97 
2 1 5 90 91 


# From 0 to 5
1 1 6 10 1 
7 1 6 30 33 
1 1 6 30 25 
5 1 6 40 40 
7 1 6 40 44 
1 1 6 90 89 
5 1 6 70 72 
7 1 6 50 54 
1 1 6 100 100 
5 1 6 100 106 
7 1 6 60 63 
2 1 6 60 57 
7 1 6 70 76 
2 1 6 90 90 
7 1 6 90 97 


# From 0 to 6
1 1 7 10 1 
1 1 7 30 24 
4 1 7 30 29 
1 1 7 80 80 
4 1 7 40 38 
1 1 7 90 89 
4 1 7 60 60 
6 1 7 90 96 
1 1 7 100 100 
8 1 7 60 65 
4 1 7 70 70 
5 1 7 90 94 
6 1 7 100 109 
2 1 7 60 58 
8 1 7 80 87 
5 1 7 100 107 
2 1 7 100 102 


# From 0 to 7
1 1 8 10 2 
1 1 8 70 67 
1 1 8 80 81 
1 1 8 100 101 


# From 1 to 0
2 2 1 10 3 
3 2 1 10 5 
2 2 1 30 26 
8 2 1 10 10 
3 2 1 20 12 
2 2 1 50 46 
8 2 1 20 21 
3 2 1 30 28 
6 2 1 50 49 
2 2 1 60 56 
6 2 1 30 31 
8 2 1 60 64 
3 2 1 50 47 
6 2 1 70 73 
3 2 1 60 59 
2 2 1 90 90 
8 2 1 80 87 
3 2 1 70 68 


# From 1 to 2
2 2 3 10 3 
2 2 3 40 34 
2 2 3 60 56 
2 2 3 90 91 


# From 1 to 3
2 2 4 40 35 
2 2 4 50 46 
6 2 4 60 61 
2 2 4 60 57 
6 2 4 70 75 
5 2 4 70 72 
2 2 4 80 82 
6 2 4 90 95 
5 2 4 80 85 
2 2 4 90 92 
6 2 4 100 109 
5 2 4 100 105 
8 2 4 90 99 
2 2 4 100 102 
7 2 4 100 110 


# From 1 to 4
2 2 5 10 3 
3 2 5 10 4 
2 2 5 30 26 
7 2 5 30 33 
3 2 5 30 27 
1 2 5 30 25 
2 2 5 50 46 
7 2 5 40 43 
3 2 5 50 47 
1 2 5 50 45 
6 2 5 90 96 
2 2 5 60 57 
7 2 5 50 54 
3 2 5 100 104 
1 2 5 90 89 
6 2 5 100 108 
2 2 5 90 91 
7 2 5 60 63 
1 2 5 100 100 
7 2 5 90 97 


# From 1 to 5
2 2 6 10 3 
3 2 6 10 4 
2 2 6 30 26 
7 2 6 30 33 
3 2 6 30 28 
1 2 6 30 25 
2 2 6 50 46 
5 2 6 40 40 
7 2 6 40 44 
3 2 6 50 47 
1 2 6 90 89 
2 2 6 60 57 
5 2 6 70 72 
7 2 6 50 54 
3 2 6 60 59 
1 2 6 100 100 
2 2 6 90 90 
5 2 6 100 106 
7 2 6 60 63 
3 2 6 70 68 
7 2 6 70 76 
3 2 6 100 104 
7 2 6 90 97 


# From 1 to 6
2 2 7 10 3 
3 2 7 10 4 
2 2 7 50 46 
3 2 7 20 12 
6 2 7 50 50 
2 2 7 60 58 
3 2 7 30 28 
6 2 7 60 62 
2 2 7 100 102 
6 2 7 30 32 
3 2 7 50 47 
6 2 7 80 86 
3 2 7 60 59 
6 2 7 90 96 
1 2 7 80 80 
3 2 7 70 68 
5 2 7 90 94 
6 2 7 100 109 
1 2 7 90 89 
3 2 7 100 104 
5 2 7 100 107 
1 2 7 100 100 


# From 1 to 7
2 2 8 10 3 
3 2 8 10 5 
2 2 8 30 26 
3 2 8 20 13 
1 2 8 70 67 
2 2 8 40 35 
3 2 8 30 27 
1 2 8 80 81 
4 2 8 40 38 
2 2 8 50 46 
5 2 8 30 30 
3 2 8 50 48 
1 2 8 100 101 
7 2 8 50 55 
4 2 8 60 60 
6 2 8 50 49 
2 2 8 80 83 
5 2 8 40 39 
3 2 8 60 59 
7 2 8 60 63 
4 2 8 70 70 
6 2 8 60 61 
2 2 8 90 92 
5 2 8 70 71 
3 2 8 70 68 
7 2 8 70 76 
4 2 8 90 93 
6 2 8 70 73 
5 2 8 80 85 
3 2 8 80 84 
7 2 8 90 98 
6 2 8 80 86 
5 2 8 90 94 
6 2 8 90 95 


# From 2 to 0
3 3 1 10 5 
8 3 1 10 10 
3 3 1 20 12 
8 3 1 20 21 
2 3 1 30 26 
3 3 1 30 28 
6 3 1 30 31 
8 3 1 60 64 
2 3 1 50 46 
3 3 1 50 47 
6 3 1 50 49 
8 3 1 80 87 
2 3 1 60 56 
3 3 1 60 59 
6 3 1 70 73 
2 3 1 90 90 
3 3 1 70 68 


# From 2 to 1
3 3 2 20 12 
3 3 2 30 28 
6 3 2 30 32 
3 3 2 50 47 
7 3 2 50 52 
6 3 2 40 41 
3 3 2 70 68 
7 3 2 60 63 
6 3 2 50 50 
7 3 2 70 76 
6 3 2 60 62 
6 3 2 70 74 


# From 2 to 3
3 3 4 20 12 
2 3 4 40 35 
3 3 4 30 28 
2 3 4 50 46 
6 3 4 40 41 
3 3 4 50 48 
6 3 4 60 61 
2 3 4 60 57 
3 3 4 80 84 
6 3 4 70 75 
5 3 4 70 72 
2 3 4 80 82 
3 3 4 100 103 
6 3 4 90 95 
5 3 4 80 85 
2 3 4 90 92 
6 3 4 100 109 
5 3 4 100 105 
8 3 4 90 99 
2 3 4 100 102 
7 3 4 100 110 


# From 2 to 4
3 3 5 10 4 
7 3 5 30 33 
3 3 5 30 27 
7 3 5 40 43 
3 3 5 50 47 
7 3 5 50 54 
2 3 5 50 46 
3 3 5 100 104 
6 3 5 90 96 
7 3 5 60 63 
2 3 5 60 57 
6 3 5 100 108 
7 3 5 90 97 
2 3 5 90 91 


# From 2 to 5
3 3 6 10 4 
7 3 6 30 33 
3 3 6 30 28 
5 3 6 40 40 
7 3 6 40 44 
3 3 6 50 47 
5 3 6 70 72 
7 3 6 50 54 
2 3 6 50 46 
3 3 6 60 59 
5 3 6 100 106 
7 3 6 60 63 
2 3 6 60 57 
1 3 6 90 89 
3 3 6 70 68 
7 3 6 70 76 
2 3 6 90 90 
1 3 6 100 100 
3 3 6 100 104 
7 3 6 90 97 


# From 2 to 6
3 3 7 10 4 
3 3 7 20 12 
2 3 7 50 46 
3 3 7 30 28 
6 3 7 50 50 
2 3 7 60 58 
6 3 7 30 32 
3 3 7 50 47 
6 3 7 60 62 
2 3 7 100 102 
3 3 7 60 59 
6 3 7 80 86 
1 3 7 80 80 
3 3 7 70 68 
6 3 7 90 96 
1 3 7 90 89 
3 3 7 100 104 
5 3 7 90 94 
6 3 7 100 109 
1 3 7 100 100 
5 3 7 100 107 


# From 2 to 7
3 3 8 10 5 
3 3 8 20 13 
3 3 8 30 27 
5 3 8 30 30 
3 3 8 50 48 
5 3 8 40 39 
4 3 8 60 60 
3 3 8 60 59 
4 3 8 40 38 
5 3 8 70 71 
4 3 8 70 70 
1 3 8 70 67 
3 3 8 70 68 
7 3 8 50 55 
2 3 8 80 83 
5 3 8 80 85 
7 3 8 70 76 
4 3 8 90 93 
1 3 8 80 81 
3 3 8 80 84 
7 3 8 60 63 
2 3 8 90 92 
5 3 8 90 94 
7 3 8 90 98 
1 3 8 100 101 


# From 3 to 0
4 4 1 10 7 
3 4 1 10 5 
4 4 1 20 14 
8 4 1 10 10 
3 4 1 20 12 
7 4 1 20 20 
4 4 1 30 29 
8 4 1 20 21 
2 4 1 30 26 
3 4 1 30 28 
7 4 1 40 44 
4 4 1 40 37 
6 4 1 30 31 
8 4 1 60 64 
2 4 1 50 46 
3 4 1 50 47 
6 4 1 50 49 
7 4 1 50 51 
4 4 1 60 60 
8 4 1 80 87 
2 4 1 60 56 
3 4 1 60 59 
6 4 1 70 73 
7 4 1 60 63 
4 4 1 70 69 
2 4 1 90 90 
3 4 1 70 68 
7 4 1 70 76 


# From 3 to 1
4 4 2 10 6 
4 4 2 20 14 
7 4 2 20 19 
4 4 2 30 29 
3 4 2 20 12 
7 4 2 50 52 
4 4 2 40 38 
3 4 2 30 28 
7 4 2 60 63 
4 4 2 60 60 
6 4 2 30 32 
3 4 2 50 47 
7 4 2 70 76 
8 4 2 60 65 
4 4 2 70 70 
6 4 2 40 41 
3 4 2 70 68 
6 4 2 50 50 
6 4 2 60 62 
6 4 2 70 74 


# From 3 to 2
4 4 3 10 7 
4 4 3 20 14 
7 4 3 20 19 
4 4 3 30 29 
7 4 3 50 53 
4 4 3 40 36 
7 4 3 60 63 
4 4 3 60 60 
2 4 3 60 56 
7 4 3 70 77 
8 4 3 60 66 
4 4 3 70 70 
2 4 3 90 91 
8 4 3 80 87 
1 4 3 80 78 


# From 3 to 4
4 4 5 10 8 
4 4 5 20 14 
7 4 5 30 33 
4 4 5 30 29 
7 4 5 40 43 
4 4 5 40 37 
7 4 5 50 54 
6 4 5 40 42 
4 4 5 60 60 
6 4 5 90 96 
7 4 5 60 63 
8 4 5 60 65 
4 4 5 70 69 
6 4 5 100 108 
2 4 5 60 57 
7 4 5 90 97 
8 4 5 80 87 
2 4 5 90 91 
1 4 5 90 89 
3 4 5 100 104 
1 4 5 100 100 


# From 3 to 5
4 4 6 10 8 
5 4 6 20 16 
4 4 6 20 14 
5 4 6 40 40 
7 4 6 30 33 
4 4 6 30 29 
5 4 6 70 72 
7 4 6 40 44 
4 4 6 40 37 
5 4 6 100 106 
7 4 6 50 54 
4 4 6 60 60 
7 4 6 60 63 
8 4 6 60 64 
4 4 6 70 69 
2 4 6 60 57 
7 4 6 70 76 
1 4 6 90 89 
8 4 6 80 87 
2 4 6 90 90 
7 4 6 90 97 
1 4 6 100 100 


# From 3 to 6
4 4 7 20 14 
4 4 7 30 29 
4 4 7 40 38 
4 4 7 60 60 
8 4 7 60 65 
4 4 7 70 70 
2 4 7 60 58 
8 4 7 80 87 
2 4 7 100 102 
1 4 7 80 80 
1 4 7 90 89 
6 4 7 90 96 
1 4 7 100 100 
5 4 7 90 94 
6 4 7 100 109 
5 4 7 100 107 


# From 3 to 7
4 4 8 10 7 
3 4 8 10 5 
4 4 8 20 14 
3 4 8 20 13 
7 4 8 20 20 
4 4 8 30 29 
3 4 8 30 27 
7 4 8 50 55 
4 4 8 40 38 
5 4 8 30 30 
3 4 8 50 48 
7 4 8 60 63 
4 4 8 60 60 
5 4 8 40 39 
3 4 8 60 59 
2 4 8 80 83 
7 4 8 70 76 
4 4 8 70 70 
5 4 8 70 71 
1 4 8 70 67 
3 4 8 70 68 
2 4 8 90 92 
7 4 8 90 98 
4 4 8 90 93 
5 4 8 80 85 
1 4 8 80 81 
3 4 8 80 84 
5 4 8 90 94 
1 4 8 100 101 


# From 4 to 0
5 5 1 10 9 
8 5 1 10 10 
5 5 1 20 16 
8 5 1 20 21 
6 5 1 30 31 
5 5 1 30 30 
8 5 1 60 64 
6 5 1 50 49 
5 5 1 40 40 
8 5 1 80 87 
6 5 1 70 73 
5 5 1 70 72 


# From 4 to 1
5 5 2 10 9 
8 5 2 10 11 
5 5 2 20 15 
7 5 2 20 19 
8 5 2 20 22 
3 5 2 20 12 
5 5 2 40 40 
7 5 2 50 52 
8 5 2 60 65 
3 5 2 30 28 
6 5 2 40 41 
5 5 2 70 71 
7 5 2 60 63 
6 5 2 30 32 
3 5 2 50 47 
6 5 2 50 50 
7 5 2 70 76 
3 5 2 70 68 
6 5 2 60 62 
6 5 2 70 74 


# From 4 to 2
5 5 3 10 9 
8 5 3 10 11 
5 5 3 20 15 
7 5 3 20 19 
8 5 3 20 22 
5 5 3 30 30 
7 5 3 50 53 
8 5 3 60 66 
5 5 3 40 40 
7 5 3 60 63 
8 5 3 80 87 
6 5 3 40 41 
5 5 3 70 72 
2 5 3 60 56 
7 5 3 70 77 
1 5 3 80 78 
2 5 3 40 34 
6 5 3 50 50 
6 5 3 70 74 
2 5 3 90 91 
6 5 3 60 62 


# From 4 to 3
5 5 4 20 16 
6 5 4 40 41 
5 5 4 40 39 
2 5 4 40 35 
6 5 4 60 61 
5 5 4 70 72 
2 5 4 50 46 
6 5 4 70 75 
5 5 4 80 85 
2 5 4 60 57 
6 5 4 90 95 
5 5 4 100 105 
2 5 4 80 82 
6 5 4 100 109 
2 5 4 90 92 
7 5 4 100 110 
8 5 4 90 99 
2 5 4 100 102 


# From 4 to 5
5 5 6 20 16 
5 5 6 40 40 
5 5 6 70 72 
5 5 6 100 106 


# From 4 to 6
5 5 7 20 16 
6 5 7 30 32 
5 5 7 40 40 
6 5 7 50 50 
5 5 7 70 72 
6 5 7 60 62 
6 5 7 80 86 
5 5 7 90 94 
6 5 7 90 96 
5 5 7 100 107 
6 5 7 100 109 


# From 4 to 7
5 5 8 10 9 
5 5 8 20 16 
6 5 8 20 18 
5 5 8 30 30 
6 5 8 30 31 
5 5 8 40 39 
1 5 8 70 67 
6 5 8 40 41 
4 5 8 40 38 
5 5 8 70 71 
1 5 8 80 81 
2 5 8 40 35 
6 5 8 50 49 
7 5 8 50 55 
4 5 8 60 60 
2 5 8 80 83 
5 5 8 80 85 
1 5 8 100 101 
2 5 8 50 46 
6 5 8 60 61 
7 5 8 60 63 
4 5 8 70 70 
2 5 8 90 92 
4 5 8 90 93 
5 5 8 90 94 
6 5 8 70 73 
7 5 8 70 76 
7 5 8 90 98 
6 5 8 80 86 
6 5 8 90 95 


# From 5 to 0
6 6 1 30 31 
6 6 1 50 49 
6 6 1 70 73 


# From 5 to 1
6 6 2 20 17 
3 6 2 20 12 
6 6 2 30 32 
3 6 2 30 28 
7 6 2 50 52 
6 6 2 40 41 
3 6 2 50 47 
7 6 2 60 63 
6 6 2 50 50 
3 6 2 70 68 
7 6 2 70 76 
6 6 2 60 62 
6 6 2 70 74 


# From 5 to 2
6 6 3 20 17 
6 6 3 30 32 
7 6 3 50 53 
6 6 3 40 41 
7 6 3 60 63 
2 6 3 40 34 
6 6 3 50 50 
2 6 3 60 56 
7 6 3 70 77 
6 6 3 60 62 
2 6 3 90 91 
6 6 3 70 74 


# From 5 to 3
6 6 4 40 41 
2 6 4 40 35 
6 6 4 60 61 
2 6 4 50 46 
6 6 4 70 75 
2 6 4 60 57 
6 6 4 90 95 
5 6 4 70 72 
2 6 4 80 82 
6 6 4 100 109 
5 6 4 80 85 
2 6 4 90 92 
7 6 4 100 110 
5 6 4 100 105 
8 6 4 90 99 
2 6 4 100 102 


# From 5 to 4
6 6 5 30 32 
7 6 5 30 33 
6 6 5 40 42 
7 6 5 40 43 
6 6 5 90 96 
7 6 5 50 54 
6 6 5 100 108 
7 6 5 60 63 
2 6 5 60 57 
7 6 5 90 97 
2 6 5 90 91 
3 6 5 100 104 


# From 5 to 6
6 6 7 30 32 
6 6 7 50 50 
6 6 7 60 62 
6 6 7 80 86 
6 6 7 90 96 
5 6 7 90 94 
6 6 7 100 109 
5 6 7 100 107 


# From 5 to 7
6 6 8 20 18 
6 6 8 30 31 
1 6 8 70 67 
6 6 8 40 41 
1 6 8 80 81 
2 6 8 40 35 
6 6 8 50 49 
1 6 8 100 101 
4 6 8 40 38 
2 6 8 50 46 
6 6 8 60 61 
7 6 8 50 55 
4 6 8 60 60 
2 6 8 80 83 
6 6 8 70 73 
7 6 8 60 63 
4 6 8 70 70 
2 6 8 90 92 
6 6 8 80 86 
7 6 8 70 76 
4 6 8 90 93 
7 6 8 90 98 
6 6 8 90 95 


# From 6 to 0
7 7 1 20 20 
8 7 1 20 21 
7 7 1 40 44 
6 7 1 30 31 
8 7 1 60 64 
6 7 1 50 49 
7 7 1 50 51 
8 7 1 80 87 
6 7 1 70 73 
7 7 1 60 63 
2 7 1 60 56 
7 7 1 70 76 
3 7 1 60 59 
2 7 1 90 90 
3 7 1 70 68 


# From 6 to 1
7 7 2 20 19 
3 7 2 20 12 
7 7 2 50 52 
3 7 2 30 28 
7 7 2 60 63 
6 7 2 30 32 
3 7 2 50 47 
7 7 2 70 76 
6 7 2 40 41 
3 7 2 70 68 
6 7 2 50 50 
6 7 2 60 62 
6 7 2 70 74 


# From 6 to 2
7 7 3 20 19 
7 7 3 50 53 
7 7 3 60 63 
2 7 3 60 56 
7 7 3 70 77 
2 7 3 90 91 


# From 6 to 3
7 7 4 20 19 
3 7 4 20 12 
7 7 4 30 33 
2 7 4 40 35 
3 7 4 30 28 
5 7 4 40 39 
7 7 4 40 44 
2 7 4 50 46 
6 7 4 40 41 
3 7 4 50 48 
5 7 4 70 72 
7 7 4 50 54 
6 7 4 60 61 
2 7 4 60 57 
3 7 4 80 84 
6 7 4 70 75 
5 7 4 80 85 
7 7 4 60 63 
2 7 4 80 82 
3 7 4 100 103 
6 7 4 90 95 
5 7 4 100 105 
7 7 4 70 77 
2 7 4 90 92 
6 7 4 100 109 
7 7 4 100 110 
8 7 4 90 99 
2 7 4 100 102 


# From 6 to 4
7 7 5 30 33 
7 7 5 40 43 
7 7 5 50 54 
6 7 5 90 96 
7 7 5 60 63 
6 7 5 100 108 
2 7 5 60 57 
7 7 5 90 97 
2 7 5 90 91 
3 7 5 100 104 


# From 6 to 5
7 7 6 30 33 
5 7 6 40 40 
7 7 6 40 44 
5 7 6 70 72 
7 7 6 50 54 
5 7 6 100 106 
7 7 6 60 63 
2 7 6 60 57 
7 7 6 70 76 
2 7 6 90 90 
7 7 6 90 97 
1 7 6 90 89 
1 7 6 100 100 


# From 6 to 7
7 7 8 20 20 
7 7 8 50 55 
7 7 8 60 63 
2 7 8 80 83 
7 7 8 70 76 
2 7 8 90 92 
7 7 8 90 98 


# From 7 to 0
8 8 1 10 10 
8 8 1 20 21 
6 8 1 30 31 
8 8 1 60 64 
6 8 1 50 49 
8 8 1 80 87 
6 8 1 70 73 


# From 7 to 1
8 8 2 10 11 
7 8 2 20 19 
8 8 2 20 22 
3 8 2 20 12 
7 8 2 50 52 
8 8 2 60 65 
3 8 2 30 28 
7 8 2 60 63 
6 8 2 30 32 
3 8 2 50 47 
7 8 2 70 76 
6 8 2 40 41 
3 8 2 70 68 
6 8 2 50 50 
6 8 2 60 62 
6 8 2 70 74 


# From 7 to 2
8 8 3 10 11 
7 8 3 20 19 
8 8 3 20 22 
7 8 3 50 53 
8 8 3 60 66 
7 8 3 60 63 
8 8 3 80 87 
2 8 3 60 56 
7 8 3 70 77 
1 8 3 80 78 
2 8 3 90 91 


# From 7 to 3
8 8 4 10 10 
1 8 4 30 24 
8 8 4 20 21 
1 8 4 50 45 
6 8 4 40 41 
8 8 4 80 88 
3 8 4 50 48 
1 8 4 70 67 
2 8 4 40 35 
6 8 4 60 61 
8 8 4 90 99 
3 8 4 80 84 
1 8 4 80 79 
2 8 4 50 46 
6 8 4 70 75 
3 8 4 100 103 
1 8 4 90 89 
2 8 4 60 57 
6 8 4 90 95 
1 8 4 100 100 
5 8 4 70 72 
2 8 4 80 82 
6 8 4 100 109 
5 8 4 80 85 
2 8 4 90 92 
7 8 4 100 110 
5 8 4 100 105 
2 8 4 100 102 


# From 7 to 4
8 8 5 10 11 
7 8 5 30 33 
8 8 5 20 22 
7 8 5 40 43 
8 8 5 60 65 
7 8 5 50 54 
2 8 5 60 57 
8 8 5 80 87 
6 8 5 90 96 
7 8 5 60 63 
2 8 5 90 91 
1 8 5 90 89 
6 8 5 100 108 
7 8 5 90 97 
3 8 5 100 104 
1 8 5 100 100 


# From 7 to 5
8 8 6 10 11 
7 8 6 30 33 
8 8 6 20 21 
5 8 6 40 40 
7 8 6 40 44 
8 8 6 60 64 
5 8 6 70 72 
7 8 6 50 54 
1 8 6 90 89 
8 8 6 80 87 
5 8 6 100 106 
7 8 6 60 63 
1 8 6 100 100 
2 8 6 60 57 
7 8 6 70 76 
2 8 6 90 90 
7 8 6 90 97 


# From 7 to 6
8 8 7 10 11 
8 8 7 20 22 
8 8 7 60 65 
2 8 7 60 58 
8 8 7 80 87 
2 8 7 100 102 
1 8 7 80 80 
1 8 7 90 89 
6 8 7 90 96 
1 8 7 100 100 
5 8 7 90 94 
6 8 7 100 109 
5 8 7 100 107 


