
current time: 25

------------------------------------------- BUNDLE -------------------------------------------

Destination     SenderNode      Size            Deadline        Bundle EVC      DlvConfidence
11              0               0               9000025         36              0.00
PriorityLevel   Ordinal         Critical        ReturnToSender  Probe           Fragmentable
Normal          0               no              no              no              no

Excluded neighbors: 

----------------------------------------------------------------------------------------------

----------------------------------------------------- CONTACTS GRAPH -----------------------------------------------------
Time: 25
Region          FromNode        ToNode          FromTime        ToTime          XmitRate        Confidence      Citations
1               1               4               50              60              1000            1.00            0
1               1               5               80              90              1000            1.00            0
1               1               10              50              60              1000            1.00            0
1               2               1               30              40              1000            1.00            0
1               2               3               40              50              1000            1.00            0
1               2               6               20              30              1000            1.00            0
1               2               13              40              60              1000            1.00            0
1               2               13              80              100             1000            1.00            0
1               2               13              120             140             1000            1.00            0
1               2               13              160             180             1000            1.00            0
1               3               2               20              30              1000            1.00            0
1               3               6               80              90              1000            1.00            0
1               4               1               140             150             1000            1.00            0
1               4               5               40              50              1000            1.00            0
1               4               8               50              60              1000            1.00            0
1               4               15              40              60              1000            1.00            0
1               4               15              80              100             1000            1.00            0
1               4               15              120             140             1000            1.00            0
1               4               15              160             180             1000            1.00            0
1               5               1               80              90              1000            1.00            0
1               5               2               30              40              1000            1.00            0
1               5               6               80              90              1000            1.00            0
1               5               9               90              100             1000            1.00            0
1               5               14              40              60              1000            1.00            0
1               5               14              80              100             1000            1.00            0
1               5               14              120             140             1000            1.00            0
1               5               14              160             180             1000            1.00            0
1               6               3               20              30              1000            1.00            0
1               6               8               30              40              1000            1.00            0
1               6               9               90              100             1000            1.00            0
1               7               4               40              50              1000            1.00            0
1               7               8               70              80              1000            1.00            0
1               7               10              70              80              1000            1.00            0
1               8               4               100             110             1000            1.00            0
1               8               5               20              30              1000            1.00            0
1               8               5               70              80              1000            1.00            0
1               8               10              70              80              1000            1.00            0
1               8               11              60              70              1000            1.00            0
1               8               12              80              90              1000            1.00            0
1               8               13              40              60              1000            1.00            0
1               8               13              80              100             1000            1.00            0
1               8               13              120             140             1000            1.00            0
1               8               13              160             180             1000            1.00            0
1               9               5               80              90              1000            1.00            0
1               9               6               20              30              1000            1.00            0
1               9               6               60              70              1000            1.00            0
1               9               11              100             110             1000            1.00            0
1               10              7               30              40              1000            1.00            0
1               10              8               30              40              1000            1.00            0
1               10              11              70              80              1000            1.00            0
1               11              8               60              70              1000            1.00            0
1               11              12              40              50              1000            1.00            0
1               11              12              70              80              1000            1.00            0
1               11              14              40              60              1000            1.00            0
1               11              14              80              100             1000            1.00            0
1               11              14              120             140             1000            1.00            0
1               11              14              160             180             1000            1.00            0
1               12              8               100             110             1000            1.00            0
1               12              9               50              60              1000            1.00            0
1               12              9               80              90              1000            1.00            0
1               12              15              40              60              1000            1.00            0
1               12              15              80              100             1000            1.00            0
1               12              15              120             140             1000            1.00            0
1               12              15              160             180             1000            1.00            0
1               13              2               40              60              1000            1.00            0
1               13              2               80              100             1000            1.00            0
1               13              2               120             140             1000            1.00            0
1               13              2               160             180             1000            1.00            0
1               13              8               40              60              1000            1.00            0
1               13              8               80              100             1000            1.00            0
1               13              8               120             140             1000            1.00            0
1               13              8               160             180             1000            1.00            0
1               14              5               40              60              1000            1.00            0
1               14              5               80              100             1000            1.00            0
1               14              5               120             140             1000            1.00            0
1               14              5               160             180             1000            1.00            0
1               14              11              40              60              1000            1.00            0
1               14              11              80              100             1000            1.00            0
1               14              11              120             140             1000            1.00            0
1               14              11              160             180             1000            1.00            0
1               15              4               40              60              1000            1.00            0
1               15              4               80              100             1000            1.00            0
1               15              4               120             140             1000            1.00            0
1               15              4               160             180             1000            1.00            0
1               15              12              40              60              1000            1.00            0
1               15              12              80              100             1000            1.00            0
1               15              12              120             140             1000            1.00            0
1               15              12              160             180             1000            1.00            0

--------------------------------------------------------------------------------------------------------------------------

---------------------------- RANGES GRAPH ----------------------------
Time: 25
FromNode        ToNode          FromTime        ToTime          OWLT
1               4               50              60              0
1               5               80              90              0
1               10              50              60              0
2               1               30              40              0
2               3               40              50              0
2               6               20              30              0
2               13              40              60              0
2               13              80              100             0
2               13              120             140             0
2               13              160             180             0
3               2               20              30              0
3               6               80              90              0
4               1               140             150             0
4               5               40              50              0
4               8               50              60              0
4               15              40              60              0
4               15              80              100             0
4               15              120             140             0
4               15              160             180             0
5               1               80              90              0
5               2               30              40              0
5               6               80              90              0
5               9               90              100             0
5               14              40              60              0
5               14              80              100             0
5               14              120             140             0
5               14              160             180             0
6               3               20              30              0
6               8               30              40              0
6               9               90              100             0
7               4               40              50              0
7               8               70              80              0
7               10              70              80              0
8               4               100             110             0
8               5               20              30              0
8               5               70              80              0
8               10              70              80              0
8               11              60              70              0
8               12              80              90              0
8               13              40              60              0
8               13              80              100             0
8               13              120             140             0
8               13              160             180             0
9               5               80              90              0
9               6               20              30              0
9               6               60              70              0
9               11              100             110             0
10              7               30              40              0
10              8               30              40              0
10              11              70              80              0
11              8               60              70              0
11              12              40              50              0
11              12              70              80              0
11              14              40              60              0
11              14              80              100             0
11              14              120             140             0
11              14              160             180             0
12              8               100             110             0
12              9               50              60              0
12              9               80              90              0
12              15              40              60              0
12              15              80              100             0
12              15              120             140             0
12              15              160             180             0
13              2               40              60              0
13              2               80              100             0
13              2               120             140             0
13              2               160             180             0
13              8               40              60              0
13              8               80              100             0
13              8               120             140             0
13              8               160             180             0
14              5               40              60              0
14              5               80              100             0
14              5               120             140             0
14              5               160             180             0
14              11              40              60              0
14              11              80              100             0
14              11              120             140             0
14              11              160             180             0
15              4               40              60              0
15              4               80              100             0
15              4               120             140             0
15              4               160             180             0
15              12              40              60              0
15              12              80              100             0
15              12              120             140             0
15              12              160             180             0

----------------------------------------------------------------------

--------------------------------------------------------- PHASE ONE: COMPUTED ROUTES ----------------------------------------------------------

1) ComputedAtTime: 25
Neighbor        FromTime        ToTime          ArrivalTime     OwltSum         Confidence      Children        Father          Hops            SP
2               20              30              60              0               1.00            0               no              4               0.854226
FromNode        ToNode          FromTime        ToTime          XmitRate        Confidence      MTV[Bulk]       MTV[Normal]     MTV[Expedited]
3               2               20              30              1000            1.00            10000           10000           10000
2               6               20              30              1000            1.00            10000           10000           10000
6               8               30              40              1000            1.00            10000           10000           10000
8               11              60              70              1000            1.00            10000           10000           10000

2) ComputedAtTime: 25
Neighbor        FromTime        ToTime          ArrivalTime     OwltSum         Confidence      Children        Father          Hops            SP
6               80              90              100             0               1.00            0               no              3               0.504000
FromNode        ToNode          FromTime        ToTime          XmitRate        Confidence      MTV[Bulk]       MTV[Normal]     MTV[Expedited]
3               6               80              90              1000            1.00            10000           10000           10000
6               9               90              100             1000            1.00            10000           10000           10000
9               11              100             110             1000            1.00            10000           10000           10000

-----------------------------------------------------------------------------------------------------------------------------------------------

--------------------------------------------------------- PHASE TWO: CANDIDATE ROUTES ---------------------------------------------------------

Route n.        ETO             PBAT            RVL             Overbooked (G)  Overbooked (U)  Protected (G)   Protected (U)
1)              25              60              5000            0               0               0               0
2)              80              100             10000           0               0               0               0

-----------------------------------------------------------------------------------------------------------------------------------------------

------------ PHASE THREE: BEST ROUTES ------------

Route n.        Neighbor
1)              2

--------------------------------------------------
