
current time: 70

------------------------------------------- BUNDLE -------------------------------------------

Destination     SenderNode      Size            Deadline        Bundle EVC      DlvConfidence
10              14              0               9000025         36              1.00
PriorityLevel   Ordinal         Critical        ReturnToSender  Probe           Fragmentable
Normal          0               no              no              no              no

Excluded neighbors: 

----------------------------------------------------------------------------------------------

----------------------------------------------------- CONTACTS GRAPH -----------------------------------------------------
Time: 70
Region          FromNode        ToNode          FromTime        ToTime          XmitRate        Confidence      Citations
1               1               5               80              90              1000            1.00            0
1               2               13              80              100             1000            1.00            0
1               2               13              120             140             1000            1.00            0
1               2               13              160             180             1000            1.00            0
1               3               6               80              90              1000            1.00            0
1               4               1               140             150             1000            1.00            0
1               4               15              80              100             1000            1.00            0
1               4               15              120             140             1000            1.00            0
1               4               15              160             180             1000            1.00            0
1               5               1               80              90              1000            1.00            0
1               5               6               80              90              1000            1.00            0
1               5               9               90              100             1000            1.00            0
1               5               14              80              100             1000            1.00            0
1               5               14              120             140             1000            1.00            0
1               5               14              160             180             1000            1.00            0
1               6               9               90              100             1000            1.00            0
1               7               8               70              80              1000            1.00            0
1               7               10              70              80              1000            1.00            0
1               8               4               100             110             1000            1.00            0
1               8               5               70              80              1000            1.00            0
1               8               10              70              80              1000            1.00            0
1               8               12              80              90              1000            1.00            0
1               8               13              80              100             1000            1.00            0
1               8               13              120             140             1000            1.00            0
1               8               13              160             180             1000            1.00            0
1               9               5               80              90              1000            1.00            0
1               9               11              100             110             1000            1.00            0
1               10              11              70              80              1000            1.00            0
1               11              12              70              80              1000            1.00            0
1               11              14              80              100             1000            1.00            0
1               11              14              120             140             1000            1.00            0
1               11              14              160             180             1000            1.00            0
1               12              8               100             110             1000            1.00            0
1               12              9               80              90              1000            1.00            0
1               12              15              80              100             1000            1.00            0
1               12              15              120             140             1000            1.00            0
1               12              15              160             180             1000            1.00            0
1               13              2               80              100             1000            1.00            0
1               13              2               120             140             1000            1.00            0
1               13              2               160             180             1000            1.00            0
1               13              8               80              100             1000            1.00            0
1               13              8               120             140             1000            1.00            0
1               13              8               160             180             1000            1.00            0
1               14              5               80              100             1000            1.00            0
1               14              5               120             140             1000            1.00            0
1               14              5               160             180             1000            1.00            0
1               14              11              80              100             1000            1.00            0
1               14              11              120             140             1000            1.00            0
1               14              11              160             180             1000            1.00            0
1               15              4               80              100             1000            1.00            0
1               15              4               120             140             1000            1.00            0
1               15              4               160             180             1000            1.00            0
1               15              12              80              100             1000            1.00            0
1               15              12              120             140             1000            1.00            0
1               15              12              160             180             1000            1.00            0

--------------------------------------------------------------------------------------------------------------------------

---------------------------- RANGES GRAPH ----------------------------
Time: 70
FromNode        ToNode          FromTime        ToTime          OWLT
1               5               80              90              0
2               13              80              100             0
2               13              120             140             0
2               13              160             180             0
3               6               80              90              0
4               1               140             150             0
4               15              80              100             0
4               15              120             140             0
4               15              160             180             0
5               1               80              90              0
5               6               80              90              0
5               9               90              100             0
5               14              80              100             0
5               14              120             140             0
5               14              160             180             0
6               9               90              100             0
7               8               70              80              0
7               10              70              80              0
8               4               100             110             0
8               5               70              80              0
8               10              70              80              0
8               12              80              90              0
8               13              80              100             0
8               13              120             140             0
8               13              160             180             0
9               5               80              90              0
9               11              100             110             0
10              11              70              80              0
11              12              70              80              0
11              14              80              100             0
11              14              120             140             0
11              14              160             180             0
12              8               100             110             0
12              9               80              90              0
12              15              80              100             0
12              15              120             140             0
12              15              160             180             0
13              2               80              100             0
13              2               120             140             0
13              2               160             180             0
13              8               80              100             0
13              8               120             140             0
13              8               160             180             0
14              5               80              100             0
14              5               120             140             0
14              5               160             180             0
14              11              80              100             0
14              11              120             140             0
14              11              160             180             0
15              4               80              100             0
15              4               120             140             0
15              4               160             180             0
15              12              80              100             0
15              12              120             140             0
15              12              160             180             0

----------------------------------------------------------------------

--------------------------------------------------------- PHASE ONE: COMPUTED ROUTES ----------------------------------------------------------

0 computed routes.

-----------------------------------------------------------------------------------------------------------------------------------------------

--------------------------------------------------------- PHASE TWO: CANDIDATE ROUTES ---------------------------------------------------------

0 candidate routes.

-----------------------------------------------------------------------------------------------------------------------------------------------

------------ PHASE THREE: BEST ROUTES ------------

0 best routes.

--------------------------------------------------
