
current time: 100

------------------------------------------- BUNDLE -------------------------------------------

Destination     SenderNode      Size            Deadline        Bundle EVC      DlvConfidence
11              2               0               9000025         36              1.00
PriorityLevel   Ordinal         Critical        ReturnToSender  Probe           Fragmentable
Normal          0               no              no              no              no

Excluded neighbors: 

----------------------------------------------------------------------------------------------

----------------------------------------------------- CONTACTS GRAPH -----------------------------------------------------
Time: 100
Region          FromNode        ToNode          FromTime        ToTime          XmitRate        Confidence      Citations
1               2               13              120             140             1000            1.00            0
1               2               13              160             180             1000            1.00            0
1               4               1               140             150             1000            1.00            0
1               4               15              120             140             1000            1.00            0
1               4               15              160             180             1000            1.00            0
1               5               14              120             140             1000            1.00            0
1               5               14              160             180             1000            1.00            0
1               8               4               100             110             1000            1.00            0
1               8               13              120             140             1000            1.00            0
1               8               13              160             180             1000            1.00            0
1               9               11              100             110             1000            1.00            0
1               11              14              120             140             1000            1.00            0
1               11              14              160             180             1000            1.00            0
1               12              8               100             110             1000            1.00            0
1               12              15              120             140             1000            1.00            0
1               12              15              160             180             1000            1.00            0
1               13              2               120             140             1000            1.00            0
1               13              2               160             180             1000            1.00            0
1               13              8               120             140             1000            1.00            0
1               13              8               160             180             1000            1.00            0
1               14              5               120             140             1000            1.00            0
1               14              5               160             180             1000            1.00            0
1               14              11              120             140             1000            1.00            0
1               14              11              160             180             1000            1.00            0
1               15              4               120             140             1000            1.00            0
1               15              4               160             180             1000            1.00            0
1               15              12              120             140             1000            1.00            0
1               15              12              160             180             1000            1.00            0

--------------------------------------------------------------------------------------------------------------------------

---------------------------- RANGES GRAPH ----------------------------
Time: 100
FromNode        ToNode          FromTime        ToTime          OWLT
2               13              120             140             0
2               13              160             180             0
4               1               140             150             0
4               15              120             140             0
4               15              160             180             0
5               14              120             140             0
5               14              160             180             0
8               4               100             110             0
8               13              120             140             0
8               13              160             180             0
9               11              100             110             0
11              14              120             140             0
11              14              160             180             0
12              8               100             110             0
12              15              120             140             0
12              15              160             180             0
13              2               120             140             0
13              2               160             180             0
13              8               120             140             0
13              8               160             180             0
14              5               120             140             0
14              5               160             180             0
14              11              120             140             0
14              11              160             180             0
15              4               120             140             0
15              4               160             180             0
15              12              120             140             0
15              12              160             180             0

----------------------------------------------------------------------

--------------------------------------------------------- PHASE ONE: COMPUTED ROUTES ----------------------------------------------------------

0 computed routes.

-----------------------------------------------------------------------------------------------------------------------------------------------

--------------------------------------------------------- PHASE TWO: CANDIDATE ROUTES ---------------------------------------------------------

0 candidate routes.

-----------------------------------------------------------------------------------------------------------------------------------------------

------------ PHASE THREE: BEST ROUTES ------------

0 best routes.

--------------------------------------------------
