
current time: 70

------------------------------------------- BUNDLE -------------------------------------------

Destination     SenderNode      Size            Deadline        Bundle EVC      DlvConfidence
11              1               0               9000025         36              1.00
PriorityLevel   Ordinal         Critical        ReturnToSender  Probe           Fragmentable
Normal          0               no              no              no              no

Excluded neighbors: 

----------------------------------------------------------------------------------------------

----------------------------------------------------- CONTACTS GRAPH -----------------------------------------------------
Time: 70
Region          FromNode        ToNode          FromTime        ToTime          XmitRate        Confidence      Citations
1               3               4               90              100             1000            1.00            0
1               3               6               100             110             1000            1.00            0
1               3               7               80              90              1000            1.00            0
1               3               14              80              100             1000            1.00            1
1               3               14              120             140             1000            1.00            0
1               3               14              160             180             1000            1.00            0
1               4               5               70              80              1000            1.00            0
1               4               13              80              100             1000            1.00            0
1               4               13              120             140             1000            1.00            0
1               4               13              160             180             1000            1.00            0
1               5               12              110             120             1000            1.00            0
1               5               15              80              100             1000            1.00            1
1               5               15              120             140             1000            1.00            0
1               5               15              160             180             1000            1.00            0
1               6               1               110             130             1000            1.00            0
1               6               5               80              90              1000            1.00            1
1               6               5               100             110             1000            1.00            0
1               6               14              80              100             1000            1.00            0
1               6               14              120             140             1000            1.00            0
1               6               14              160             180             1000            1.00            0
1               7               1               190             200             1000            1.00            0
1               9               8               111             120             1000            1.00            0
1               9               15              80              100             1000            1.00            0
1               9               15              120             140             1000            1.00            0
1               9               15              160             180             1000            1.00            0
1               10              7               160             170             1000            1.00            0
1               11              8               80              90              1000            1.00            0
1               11              10              70              80              1000            1.00            0
1               11              10              90              100             1000            1.00            0
1               11              13              80              100             1000            1.00            0
1               11              13              120             140             1000            1.00            0
1               11              13              160             180             1000            1.00            0
1               12              6               110             120             1000            1.00            0
1               12              9               80              90              1000            1.00            0
1               12              9               130             140             1000            1.00            0
1               13              4               80              100             1000            1.00            0
1               13              4               120             140             1000            1.00            0
1               13              4               160             180             1000            1.00            0
1               13              11              80              100             1000            1.00            0
1               13              11              120             140             1000            1.00            0
1               13              11              160             180             1000            1.00            0
1               14              3               80              100             1000            1.00            0
1               14              3               120             140             1000            1.00            0
1               14              3               160             180             1000            1.00            0
1               14              6               80              100             1000            1.00            1
1               14              6               120             140             1000            1.00            0
1               14              6               160             180             1000            1.00            0
1               15              5               80              100             1000            1.00            0
1               15              5               120             140             1000            1.00            0
1               15              5               160             180             1000            1.00            0
1               15              9               80              100             1000            1.00            1
1               15              9               120             140             1000            1.00            0
1               15              9               160             180             1000            1.00            0

--------------------------------------------------------------------------------------------------------------------------

---------------------------- RANGES GRAPH ----------------------------
Time: 70
FromNode        ToNode          FromTime        ToTime          OWLT
3               4               90              100             0
3               6               100             110             0
3               7               80              90              0
3               14              80              100             0
3               14              120             140             0
3               14              160             180             0
4               5               70              80              0
4               13              80              100             0
4               13              120             140             0
4               13              160             180             0
5               12              110             120             0
5               15              80              100             0
5               15              120             140             0
5               15              160             180             0
6               1               110             130             0
6               5               80              90              0
6               5               100             110             0
6               14              80              100             0
6               14              120             140             0
6               14              160             180             0
7               1               190             200             0
9               8               111             120             0
9               15              80              100             0
9               15              120             140             0
9               15              160             180             0
10              7               160             170             0
11              8               80              90              0
11              10              70              80              0
11              10              90              100             0
11              13              80              100             0
11              13              120             140             0
11              13              160             180             0
12              6               110             120             0
12              9               80              90              0
12              9               130             140             0
13              4               80              100             0
13              4               120             140             0
13              4               160             180             0
13              11              80              100             0
13              11              120             140             0
13              11              160             180             0
14              3               80              100             0
14              3               120             140             0
14              3               160             180             0
14              6               80              100             0
14              6               120             140             0
14              6               160             180             0
15              5               80              100             0
15              5               120             140             0
15              5               160             180             0
15              9               80              100             0
15              9               120             140             0
15              9               160             180             0

----------------------------------------------------------------------

--------------------------------------------------------- PHASE ONE: COMPUTED ROUTES ----------------------------------------------------------

1) ComputedAtTime: 70
Neighbor        FromTime        ToTime          ArrivalTime     OwltSum         Confidence      Children        Father          Hops            SP
4               90              100             90              0               1.00            0               no              3               0.000000
FromNode        ToNode          FromTime        ToTime          XmitRate        Confidence      MTV[Bulk]       MTV[Normal]     MTV[Expedited]
3               4               90              100             1000            1.00            10000           10000           10000
4               13              80              100             1000            1.00            20000           20000           20000
13              11              80              100             1000            1.00            20000           20000           20000

-----------------------------------------------------------------------------------------------------------------------------------------------

--------------------------------------------------------- PHASE TWO: CANDIDATE ROUTES ---------------------------------------------------------

Route n.        ETO             PBAT            RVL             Overbooked (G)  Overbooked (U)  Protected (G)   Protected (U)
1)              90              90              10000           0               0               0               0

-----------------------------------------------------------------------------------------------------------------------------------------------

------------ PHASE THREE: BEST ROUTES ------------

Route n.        Neighbor
1)              4

--------------------------------------------------
