
current time: 120

------------------------------------------- BUNDLE -------------------------------------------

Destination     SenderNode      Size            Deadline        Bundle EVC      DlvConfidence
12              15              0               9000055         36              1.00
PriorityLevel   Ordinal         Critical        ReturnToSender  Probe           Fragmentable
Normal          0               no              no              no              no

Excluded neighbors: 

----------------------------------------------------------------------------------------------

----------------------------------------------------- CONTACTS GRAPH -----------------------------------------------------
Time: 120
Region          FromNode        ToNode          FromTime        ToTime          XmitRate        Confidence      Citations
1               3               14              120             140             1000            1.00            0
1               3               14              160             180             1000            1.00            0
1               4               13              120             140             1000            1.00            0
1               4               13              160             180             1000            1.00            0
1               5               15              120             140             1000            1.00            0
1               5               15              160             180             1000            1.00            0
1               6               1               110             130             1000            1.00            0
1               6               14              120             140             1000            1.00            0
1               6               14              160             180             1000            1.00            0
1               7               1               190             200             1000            1.00            0
1               9               15              120             140             1000            1.00            0
1               9               15              160             180             1000            1.00            0
1               10              7               160             170             1000            1.00            0
1               11              13              120             140             1000            1.00            0
1               11              13              160             180             1000            1.00            0
1               12              9               130             140             1000            1.00            0
1               13              4               120             140             1000            1.00            0
1               13              4               160             180             1000            1.00            0
1               13              11              120             140             1000            1.00            0
1               13              11              160             180             1000            1.00            0
1               14              3               120             140             1000            1.00            0
1               14              3               160             180             1000            1.00            0
1               14              6               120             140             1000            1.00            0
1               14              6               160             180             1000            1.00            0
1               15              5               120             140             1000            1.00            0
1               15              5               160             180             1000            1.00            0
1               15              9               120             140             1000            1.00            0
1               15              9               160             180             1000            1.00            0

--------------------------------------------------------------------------------------------------------------------------

---------------------------- RANGES GRAPH ----------------------------
Time: 120
FromNode        ToNode          FromTime        ToTime          OWLT
3               14              120             140             0
3               14              160             180             0
4               13              120             140             0
4               13              160             180             0
5               15              120             140             0
5               15              160             180             0
6               1               110             130             0
6               14              120             140             0
6               14              160             180             0
7               1               190             200             0
9               15              120             140             0
9               15              160             180             0
10              7               160             170             0
11              13              120             140             0
11              13              160             180             0
12              9               130             140             0
13              4               120             140             0
13              4               160             180             0
13              11              120             140             0
13              11              160             180             0
14              3               120             140             0
14              3               160             180             0
14              6               120             140             0
14              6               160             180             0
15              5               120             140             0
15              5               160             180             0
15              9               120             140             0
15              9               160             180             0

----------------------------------------------------------------------

--------------------------------------------------------- PHASE ONE: COMPUTED ROUTES ----------------------------------------------------------

0 computed routes.

-----------------------------------------------------------------------------------------------------------------------------------------------

--------------------------------------------------------- PHASE TWO: CANDIDATE ROUTES ---------------------------------------------------------

0 candidate routes.

-----------------------------------------------------------------------------------------------------------------------------------------------

------------ PHASE THREE: BEST ROUTES ------------

0 best routes.

--------------------------------------------------
