# From 0 to 1
1 1 2 10 1 
7 1 2 10 9 
1 1 2 20 12 
6 1 2 20 20 
7 1 2 20 22 
1 1 2 30 23 
5 1 2 40 40 
6 1 2 30 30 
7 1 2 40 42 
3 1 2 40 37 
1 1 2 60 56 
5 1 2 60 62 
6 1 2 80 84 
7 1 2 60 65 
3 1 2 50 49 
1 1 2 80 78 
5 1 2 70 71 
6 1 2 90 93 
7 1 2 70 75 
3 1 2 70 69 
1 1 2 90 89 
5 1 2 90 91 
7 1 2 90 95 
3 1 2 80 79 


# From 0 to 2
1 1 3 10 2 
8 1 3 10 10 
1 1 3 20 13 
8 1 3 40 43 
1 1 3 30 23 
8 1 3 60 66 
1 1 3 50 45 
8 1 3 70 76 
6 1 3 60 64 
1 1 3 60 59 
8 1 3 90 98 
6 1 3 70 72 
7 1 3 60 65 
1 1 3 80 78 
8 1 3 100 109 
4 1 3 70 70 
6 1 3 80 85 
7 1 3 70 73 
1 1 3 100 100 
4 1 3 80 82 
6 1 3 90 93 
7 1 3 80 88 
4 1 3 100 106 
7 1 3 90 97 
6 1 3 100 108 


# From 0 to 3
1 1 4 10 2 
8 1 4 10 10 
1 1 4 20 13 
3 1 4 40 36 
8 1 4 40 43 
1 1 4 30 23 
3 1 4 60 60 
8 1 4 60 66 
1 1 4 50 45 
3 1 4 70 69 
8 1 4 70 77 
6 1 4 60 64 
1 1 4 60 57 
5 1 4 80 83 
3 1 4 80 80 
8 1 4 90 98 
6 1 4 70 72 
1 1 4 80 78 
5 1 4 90 92 
3 1 4 90 90 
8 1 4 100 110 
6 1 4 80 85 
1 1 4 90 89 
3 1 4 100 105 
6 1 4 90 93 
1 1 4 100 100 
7 1 4 90 97 
6 1 4 100 108 


# From 0 to 4
1 1 5 10 1 
7 1 5 10 9 
1 1 5 20 12 
6 1 5 20 20 
7 1 5 20 22 
1 1 5 30 23 
6 1 5 30 30 
7 1 5 70 74 
3 1 5 40 37 
1 1 5 50 46 
6 1 5 40 41 
7 1 5 90 96 
3 1 5 70 69 
1 1 5 60 58 
8 1 5 40 43 
6 1 5 50 55 
3 1 5 80 80 
1 1 5 80 78 
8 1 5 60 66 
6 1 5 60 64 
6 1 5 80 85 
1 1 5 90 89 
8 1 5 70 76 
6 1 5 90 93 
8 1 5 90 99 


# From 0 to 5
1 1 6 10 1 
7 1 6 10 9 
1 1 6 20 12 
7 1 6 20 22 
1 1 6 50 45 
7 1 6 40 42 
1 1 6 60 59 
7 1 6 60 65 
1 1 6 80 78 
7 1 6 70 75 
1 1 6 90 89 
7 1 6 80 87 
1 1 6 100 101 
7 1 6 90 94 


# From 0 to 6
1 1 7 10 1 
1 1 7 50 46 
1 1 7 60 59 
1 1 7 80 78 
6 1 7 90 93 
1 1 7 90 89 
6 1 7 100 108 
1 1 7 100 102 


# From 0 to 7
1 1 8 10 2 
1 1 8 20 13 
1 1 8 30 23 
3 1 8 40 36 
1 1 8 50 45 
4 1 8 50 53 
3 1 8 60 60 
6 1 8 70 72 
1 1 8 60 57 
4 1 8 60 61 
3 1 8 100 105 
4 1 8 70 70 
6 1 8 80 86 
1 1 8 80 78 
4 1 8 100 106 
6 1 8 90 93 
1 1 8 90 89 
7 1 8 90 97 
6 1 8 100 108 
1 1 8 100 100 


# From 1 to 0
2 2 1 10 3 
6 2 1 20 19 
2 2 1 20 14 
6 2 1 30 30 
4 2 1 20 16 
2 2 1 30 25 
5 2 1 30 29 
6 2 1 40 41 
4 2 1 30 26 
7 2 1 40 42 
2 2 1 40 34 
3 2 1 40 35 
5 2 1 50 54 
8 2 1 40 44 
6 2 1 50 55 
4 2 1 40 39 
7 2 1 80 87 
2 2 1 50 47 
3 2 1 50 49 
5 2 1 60 63 
8 2 1 60 66 
6 2 1 60 64 
4 2 1 50 50 
7 2 1 90 94 
2 2 1 70 67 
3 2 1 70 68 
5 2 1 80 83 
8 2 1 70 76 
6 2 1 70 72 
4 2 1 80 81 
3 2 1 80 80 
5 2 1 90 91 
8 2 1 90 99 
6 2 1 100 108 
4 2 1 100 106 
3 2 1 100 104 
8 2 1 100 109 


# From 1 to 2
2 2 3 10 3 
6 2 3 20 21 
2 2 3 20 14 
8 2 3 40 43 
6 2 3 30 31 
4 2 3 20 16 
2 2 3 30 24 
8 2 3 60 66 
6 2 3 40 41 
1 2 3 20 13 
4 2 3 50 51 
2 2 3 40 34 
8 2 3 70 76 
6 2 3 60 64 
1 2 3 30 23 
4 2 3 60 61 
7 2 3 60 65 
2 2 3 50 47 
8 2 3 90 98 
6 2 3 70 72 
1 2 3 50 45 
4 2 3 70 70 
7 2 3 70 73 
2 2 3 70 67 
8 2 3 100 109 
6 2 3 80 85 
1 2 3 60 59 
4 2 3 80 82 
7 2 3 80 88 
6 2 3 90 93 
1 2 3 80 78 
4 2 3 100 106 
7 2 3 90 97 
6 2 3 100 108 
1 2 3 100 100 


# From 1 to 3
2 2 4 20 14 
2 2 4 30 24 
3 2 4 40 36 
2 2 4 40 34 
3 2 4 60 60 
7 2 4 40 42 
2 2 4 50 47 
3 2 4 70 69 
1 2 4 50 45 
7 2 4 60 65 
2 2 4 70 67 
5 2 4 80 83 
3 2 4 80 80 
6 2 4 60 64 
1 2 4 60 57 
7 2 4 70 75 
5 2 4 90 92 
3 2 4 90 90 
6 2 4 70 72 
1 2 4 80 78 
7 2 4 80 88 
8 2 4 90 98 
3 2 4 100 105 
6 2 4 80 85 
1 2 4 90 89 
7 2 4 90 97 
8 2 4 100 110 
6 2 4 90 93 
1 2 4 100 100 
6 2 4 100 108 


# From 1 to 4
2 2 5 10 3 
6 2 5 20 20 
2 2 5 20 14 
6 2 5 30 30 
4 2 5 30 28 
2 2 5 30 24 
6 2 5 40 41 
4 2 5 40 39 
3 2 5 40 37 
2 2 5 40 34 
8 2 5 40 43 
6 2 5 50 55 
7 2 5 70 74 
4 2 5 50 52 
3 2 5 70 69 
2 2 5 50 48 
8 2 5 60 66 
6 2 5 60 64 
7 2 5 90 96 
4 2 5 60 61 
3 2 5 80 80 
2 2 5 70 67 
8 2 5 70 76 
6 2 5 80 85 
4 2 5 70 70 
8 2 5 90 99 
6 2 5 90 93 
4 2 5 80 82 


# From 1 to 5
2 2 6 10 3 
2 2 6 20 14 
4 2 6 20 16 
2 2 6 30 25 
1 2 6 20 12 
4 2 6 30 26 
7 2 6 40 42 
2 2 6 40 34 
1 2 6 50 45 
4 2 6 40 39 
7 2 6 60 65 
2 2 6 50 48 
1 2 6 60 59 
4 2 6 50 50 
7 2 6 70 75 
2 2 6 70 67 
1 2 6 80 78 
4 2 6 60 61 
7 2 6 80 87 
1 2 6 90 89 
8 2 6 60 66 
4 2 6 70 70 
7 2 6 90 94 
1 2 6 100 101 
3 2 6 70 68 
8 2 6 70 76 
4 2 6 80 81 
3 2 6 100 104 
8 2 6 90 99 
4 2 6 100 106 
8 2 6 100 109 


# From 1 to 6
2 2 7 30 25 
2 2 7 40 34 
2 2 7 50 48 
2 2 7 70 67 
2 2 7 100 103 


# From 1 to 7
2 2 8 10 3 
6 2 8 20 21 
2 2 8 20 14 
6 2 8 30 31 
4 2 8 50 53 
2 2 8 30 25 
6 2 8 40 41 
4 2 8 60 61 
7 2 8 30 32 
2 2 8 40 34 
6 2 8 70 72 
4 2 8 70 70 
7 2 8 40 42 
2 2 8 50 47 
6 2 8 80 86 
4 2 8 100 106 
1 2 8 50 45 
7 2 8 60 65 
2 2 8 70 67 
6 2 8 90 93 
1 2 8 60 57 
7 2 8 70 75 
7 2 8 90 97 
6 2 8 100 108 
1 2 8 80 78 
1 2 8 100 100 
1 2 8 90 89 
3 2 8 100 105 


# From 2 to 0
3 3 1 10 4 
3 3 1 20 15 
3 3 1 40 35 
3 3 1 50 49 
7 3 1 80 87 
3 3 1 70 68 
7 3 1 90 94 
3 3 1 80 80 
5 3 1 80 83 
3 3 1 100 104 
4 3 1 80 81 
5 3 1 90 91 
6 3 1 100 108 
4 3 1 100 106 
8 3 1 100 109 


# From 2 to 1
3 3 2 10 4 
1 3 2 10 1 
3 3 2 20 15 
7 3 2 10 9 
1 3 2 20 12 
3 3 2 40 37 
6 3 2 20 20 
7 3 2 20 22 
1 3 2 30 23 
5 3 2 40 40 
3 3 2 50 49 
6 3 2 30 30 
7 3 2 40 42 
1 3 2 60 56 
5 3 2 60 62 
7 3 2 60 65 
3 3 2 70 69 
6 3 2 80 84 
1 3 2 80 78 
5 3 2 70 71 
7 3 2 70 75 
3 3 2 80 79 
6 3 2 90 93 
1 3 2 90 89 
5 3 2 90 91 
7 3 2 90 95 


# From 2 to 3
3 3 4 40 36 
3 3 4 60 60 
3 3 4 70 69 
5 3 4 80 83 
3 3 4 80 80 
5 3 4 90 92 
3 3 4 90 90 
8 3 4 90 98 
3 3 4 100 105 
8 3 4 100 110 


# From 2 to 4
3 3 5 40 37 
3 3 5 70 69 
3 3 5 80 80 


# From 2 to 5
3 3 6 10 4 
1 3 6 10 1 
3 3 6 20 15 
7 3 6 10 9 
1 3 6 20 12 
3 3 6 40 35 
7 3 6 20 22 
1 3 6 50 45 
3 3 6 50 49 
7 3 6 40 42 
1 3 6 60 59 
7 3 6 60 65 
3 3 6 70 68 
1 3 6 80 78 
7 3 6 70 75 
3 3 6 100 104 
1 3 6 90 89 
7 3 6 80 87 
1 3 6 100 101 
7 3 6 90 94 


# From 2 to 6
3 3 7 10 4 
1 3 7 10 1 
3 3 7 20 15 
1 3 7 50 46 
3 3 7 40 35 
1 3 7 60 59 
3 3 7 50 49 
1 3 7 80 78 
3 3 7 70 69 
6 3 7 90 93 
1 3 7 90 89 
5 3 7 90 91 
3 3 7 80 80 
6 3 7 100 108 
1 3 7 100 102 
5 3 7 100 107 
3 3 7 100 104 


# From 2 to 7
3 3 8 10 4 
1 3 8 10 2 
3 3 8 20 15 
1 3 8 20 13 
3 3 8 40 36 
1 3 8 30 23 
4 3 8 50 53 
3 3 8 60 60 
1 3 8 50 45 
4 3 8 60 61 
3 3 8 100 105 
6 3 8 70 72 
1 3 8 60 57 
4 3 8 70 70 
6 3 8 80 86 
1 3 8 80 78 
4 3 8 100 106 
6 3 8 90 93 
1 3 8 90 89 
7 3 8 90 97 
6 3 8 100 108 
1 3 8 100 100 


# From 3 to 0
4 4 1 20 16 
4 4 1 30 26 
4 4 1 40 39 
7 4 1 40 42 
4 4 1 50 50 
7 4 1 80 87 
4 4 1 80 81 
7 4 1 90 94 
4 4 1 100 106 
8 4 1 100 109 
3 4 1 100 104 
6 4 1 100 108 


# From 3 to 1
4 4 2 10 5 
5 4 2 40 40 
4 4 2 30 27 
5 4 2 60 62 
4 4 2 40 38 
5 4 2 70 71 
4 4 2 50 52 
5 4 2 90 91 
4 4 2 60 61 
7 4 2 90 95 
8 4 2 60 66 
4 4 2 70 70 
3 4 2 70 69 
8 4 2 70 76 
4 4 2 80 82 
3 4 2 80 79 
8 4 2 90 99 
6 4 2 90 93 


# From 3 to 2
4 4 3 10 5 
5 4 3 10 8 
4 4 3 20 16 
5 4 3 20 18 
1 4 3 20 13 
4 4 3 50 51 
6 4 3 20 21 
5 4 3 30 29 
8 4 3 40 43 
1 4 3 30 23 
4 4 3 60 61 
6 4 3 30 31 
5 4 3 40 40 
8 4 3 60 66 
1 4 3 50 45 
4 4 3 70 70 
6 4 3 40 41 
2 4 3 40 34 
5 4 3 50 54 
8 4 3 70 76 
6 4 3 60 64 
1 4 3 60 59 
4 4 3 80 82 
7 4 3 60 65 
2 4 3 50 47 
5 4 3 60 63 
8 4 3 90 98 
6 4 3 70 72 
1 4 3 80 78 
4 4 3 100 106 
7 4 3 70 73 
2 4 3 70 67 
5 4 3 80 83 
8 4 3 100 109 
6 4 3 80 85 
1 4 3 100 100 
7 4 3 80 88 
5 4 3 90 92 
6 4 3 90 93 
7 4 3 90 97 
6 4 3 100 108 


# From 3 to 4
4 4 5 10 5 
4 4 5 30 28 
4 4 5 40 39 
7 4 5 70 74 
4 4 5 50 52 
7 4 5 90 96 
4 4 5 60 61 
8 4 5 60 66 
4 4 5 70 70 
3 4 5 70 69 
8 4 5 70 76 
4 4 5 80 82 
3 4 5 80 80 
8 4 5 90 99 
6 4 5 90 93 


# From 3 to 5
4 4 6 10 6 
7 4 6 10 9 
4 4 6 20 16 
7 4 6 20 22 
1 4 6 20 12 
4 4 6 30 26 
7 4 6 40 42 
1 4 6 50 45 
4 4 6 40 39 
7 4 6 60 65 
1 4 6 60 59 
4 4 6 50 50 
7 4 6 70 75 
1 4 6 80 78 
4 4 6 60 61 
7 4 6 80 87 
1 4 6 90 89 
8 4 6 60 66 
4 4 6 70 70 
7 4 6 90 94 
1 4 6 100 101 
3 4 6 70 68 
8 4 6 70 76 
4 4 6 80 81 
3 4 6 100 104 
8 4 6 90 99 
4 4 6 100 106 
8 4 6 100 109 


# From 3 to 6
4 4 7 10 6 
4 4 7 20 16 
1 4 7 50 46 
4 4 7 30 27 
1 4 7 60 59 
2 4 7 30 25 
4 4 7 40 39 
1 4 7 80 78 
2 4 7 40 34 
4 4 7 50 50 
6 4 7 90 93 
1 4 7 90 89 
2 4 7 50 48 
4 4 7 60 61 
6 4 7 100 108 
1 4 7 100 102 
2 4 7 70 67 
8 4 7 60 66 
4 4 7 70 70 
2 4 7 100 103 
3 4 7 70 69 
8 4 7 70 76 
4 4 7 80 81 
5 4 7 90 91 
3 4 7 80 80 
8 4 7 90 99 
4 4 7 100 106 
5 4 7 100 107 
3 4 7 100 104 
8 4 7 100 109 


# From 3 to 7
4 4 8 50 53 
4 4 8 60 61 
4 4 8 70 70 
4 4 8 100 106 


# From 4 to 0
5 5 1 10 7 
5 5 1 20 17 
5 5 1 30 29 
3 5 1 40 35 
5 5 1 50 54 
3 5 1 50 49 
5 5 1 60 63 
7 5 1 80 87 
3 5 1 70 68 
8 5 1 60 66 
5 5 1 80 83 
7 5 1 90 94 
3 5 1 80 80 
8 5 1 70 76 
4 5 1 80 81 
5 5 1 90 91 
3 5 1 100 104 
8 5 1 90 99 
4 5 1 100 106 
6 5 1 100 108 
8 5 1 100 109 


# From 4 to 1
5 5 2 40 40 
5 5 2 60 62 
5 5 2 70 71 
5 5 2 90 91 
7 5 2 90 95 


# From 4 to 2
5 5 3 10 8 
5 5 3 20 18 
6 5 3 20 21 
5 5 3 30 29 
8 5 3 40 43 
6 5 3 30 31 
5 5 3 40 40 
8 5 3 60 66 
6 5 3 40 41 
2 5 3 40 34 
5 5 3 50 54 
8 5 3 70 76 
6 5 3 60 64 
7 5 3 60 65 
2 5 3 50 47 
1 5 3 50 45 
5 5 3 60 63 
8 5 3 90 98 
6 5 3 70 72 
7 5 3 70 73 
4 5 3 50 51 
2 5 3 70 67 
1 5 3 60 59 
5 5 3 80 83 
8 5 3 100 109 
4 5 3 70 70 
6 5 3 80 85 
7 5 3 80 88 
4 5 3 60 61 
1 5 3 80 78 
4 5 3 80 82 
5 5 3 90 92 
6 5 3 90 93 
7 5 3 90 97 
1 5 3 100 100 
4 5 3 100 106 
6 5 3 100 108 


# From 4 to 3
5 5 4 10 8 
3 5 4 40 36 
5 5 4 20 18 
3 5 4 60 60 
6 5 4 20 21 
5 5 4 30 29 
3 5 4 70 69 
8 5 4 40 43 
6 5 4 30 31 
5 5 4 60 63 
5 5 4 80 83 
3 5 4 80 80 
8 5 4 60 66 
6 5 4 40 41 
5 5 4 90 92 
3 5 4 90 90 
8 5 4 70 77 
6 5 4 60 64 
8 5 4 90 98 
3 5 4 100 105 
6 5 4 70 72 
8 5 4 100 110 
6 5 4 80 85 
6 5 4 90 93 
7 5 4 90 97 
6 5 4 100 108 
1 5 4 100 100 


# From 4 to 5
5 5 6 10 7 
1 5 6 10 1 
5 5 6 20 18 
7 5 6 10 9 
1 5 6 20 12 
5 5 6 30 29 
7 5 6 20 22 
1 5 6 50 45 
3 5 6 40 35 
5 5 6 40 40 
7 5 6 40 42 
1 5 6 60 59 
3 5 6 50 49 
2 5 6 40 34 
5 5 6 50 54 
7 5 6 60 65 
1 5 6 80 78 
3 5 6 70 68 
2 5 6 50 48 
5 5 6 60 63 
7 5 6 70 75 
1 5 6 90 89 
3 5 6 100 104 
2 5 6 70 67 
8 5 6 60 66 
5 5 6 70 71 
7 5 6 80 87 
1 5 6 100 101 
8 5 6 70 76 
5 5 6 80 83 
7 5 6 90 94 
8 5 6 90 99 
4 5 6 80 81 
5 5 6 90 92 
8 5 6 100 109 
4 5 6 100 106 


# From 4 to 6
5 5 7 10 7 
1 5 7 10 1 
5 5 7 20 17 
1 5 7 50 46 
5 5 7 40 40 
1 5 7 60 59 
2 5 7 40 34 
5 5 7 50 54 
1 5 7 80 78 
2 5 7 50 48 
5 5 7 90 91 
6 5 7 90 93 
1 5 7 90 89 
2 5 7 70 67 
5 5 7 100 107 
6 5 7 100 108 
1 5 7 100 102 
2 5 7 100 103 


# From 4 to 7
5 5 8 10 7 
1 5 8 10 2 
5 5 8 20 18 
1 5 8 20 13 
6 5 8 20 21 
5 5 8 30 29 
1 5 8 30 23 
6 5 8 30 31 
3 5 8 40 36 
5 5 8 60 63 
1 5 8 50 45 
6 5 8 40 41 
4 5 8 50 53 
3 5 8 60 60 
5 5 8 90 92 
6 5 8 70 72 
1 5 8 60 57 
4 5 8 60 61 
3 5 8 100 105 
4 5 8 70 70 
6 5 8 80 86 
1 5 8 80 78 
4 5 8 100 106 
6 5 8 90 93 
1 5 8 90 89 
7 5 8 90 97 
6 5 8 100 108 
1 5 8 100 100 


# From 5 to 0
6 6 1 20 19 
6 6 1 30 30 
5 6 1 30 29 
6 6 1 40 41 
3 6 1 40 35 
5 6 1 50 54 
8 6 1 40 44 
6 6 1 50 55 
3 6 1 50 49 
5 6 1 60 63 
7 6 1 40 42 
8 6 1 60 66 
7 6 1 80 87 
6 6 1 60 64 
3 6 1 70 68 
5 6 1 80 83 
8 6 1 70 76 
7 6 1 90 94 
6 6 1 70 72 
3 6 1 80 80 
4 6 1 80 81 
5 6 1 90 91 
8 6 1 90 99 
6 6 1 100 108 
3 6 1 100 104 
4 6 1 100 106 
8 6 1 100 109 


# From 5 to 1
6 6 2 20 20 
5 6 2 40 40 
6 6 2 30 30 
5 6 2 60 62 
6 6 2 80 84 
5 6 2 70 71 
6 6 2 90 93 
5 6 2 90 91 
7 6 2 90 95 


# From 5 to 2
6 6 3 20 21 
8 6 3 40 43 
6 6 3 30 31 
8 6 3 60 66 
6 6 3 40 41 
8 6 3 70 76 
6 6 3 60 64 
8 6 3 90 98 
6 6 3 70 72 
8 6 3 100 109 
4 6 3 70 70 
6 6 3 80 85 
4 6 3 80 82 
6 6 3 90 93 
4 6 3 100 106 
7 6 3 90 97 
6 6 3 100 108 
1 6 3 100 100 


# From 5 to 3
6 6 4 20 21 
8 6 4 40 43 
6 6 4 30 31 
3 6 4 40 36 
8 6 4 60 66 
6 6 4 40 41 
3 6 4 60 60 
8 6 4 70 77 
6 6 4 60 64 
3 6 4 70 69 
8 6 4 90 98 
6 6 4 70 72 
5 6 4 80 83 
3 6 4 80 80 
3 6 4 90 90 
8 6 4 100 110 
6 6 4 80 85 
5 6 4 90 92 
3 6 4 100 105 
6 6 4 90 93 
7 6 4 90 97 
6 6 4 100 108 
1 6 4 100 100 


# From 5 to 4
6 6 5 20 20 
6 6 5 30 30 
6 6 5 40 41 
8 6 5 40 43 
6 6 5 50 55 
3 6 5 40 37 
8 6 5 60 66 
7 6 5 70 74 
6 6 5 60 64 
3 6 5 70 69 
8 6 5 70 76 
7 6 5 90 96 
6 6 5 80 85 
3 6 5 80 80 
8 6 5 90 99 
6 6 5 90 93 


# From 5 to 6
6 6 7 20 19 
1 6 7 50 46 
6 6 7 30 30 
1 6 7 60 59 
5 6 7 40 40 
6 6 7 50 55 
1 6 7 80 78 
2 6 7 40 34 
5 6 7 50 54 
6 6 7 90 93 
1 6 7 90 89 
2 6 7 50 48 
5 6 7 90 91 
6 6 7 100 108 
1 6 7 100 102 
2 6 7 70 67 
5 6 7 100 107 
2 6 7 100 103 


# From 5 to 7
6 6 8 20 21 
6 6 8 30 31 
6 6 8 40 41 
6 6 8 70 72 
4 6 8 70 70 
6 6 8 80 86 
4 6 8 100 106 
6 6 8 90 93 
7 6 8 90 97 
6 6 8 100 108 
1 6 8 100 100 
3 6 8 100 105 


# From 6 to 0
7 7 1 40 42 
7 7 1 80 87 
7 7 1 90 94 


# From 6 to 1
7 7 2 10 9 
6 7 2 20 20 
7 7 2 20 22 
5 7 2 40 40 
6 7 2 30 30 
7 7 2 40 42 
5 7 2 60 62 
6 7 2 80 84 
1 7 2 60 56 
7 7 2 60 65 
5 7 2 70 71 
6 7 2 90 93 
1 7 2 80 78 
7 7 2 70 75 
5 7 2 90 91 
7 7 2 90 95 
1 7 2 90 89 


# From 6 to 2
7 7 3 10 9 
6 7 3 20 21 
7 7 3 20 22 
8 7 3 40 43 
6 7 3 30 31 
7 7 3 30 32 
8 7 3 60 66 
6 7 3 40 41 
7 7 3 60 65 
8 7 3 70 76 
6 7 3 60 64 
7 7 3 70 73 
8 7 3 90 98 
6 7 3 70 72 
7 7 3 80 88 
8 7 3 100 109 
4 7 3 70 70 
6 7 3 80 85 
7 7 3 90 97 
4 7 3 80 82 
6 7 3 90 93 
4 7 3 100 106 
6 7 3 100 108 
1 7 3 100 100 


# From 6 to 3
7 7 4 10 9 
6 7 4 20 21 
7 7 4 20 22 
8 7 4 40 43 
6 7 4 30 31 
7 7 4 30 32 
3 7 4 40 36 
8 7 4 60 66 
6 7 4 40 41 
7 7 4 40 42 
3 7 4 60 60 
8 7 4 70 77 
6 7 4 60 64 
1 7 4 50 45 
7 7 4 60 65 
3 7 4 70 69 
8 7 4 90 98 
6 7 4 70 72 
1 7 4 60 57 
7 7 4 70 75 
5 7 4 80 83 
3 7 4 80 80 
3 7 4 90 90 
8 7 4 100 110 
6 7 4 80 85 
1 7 4 80 78 
7 7 4 80 88 
5 7 4 90 92 
3 7 4 100 105 
6 7 4 90 93 
1 7 4 90 89 
7 7 4 90 97 
6 7 4 100 108 
1 7 4 100 100 


# From 6 to 4
7 7 5 10 9 
6 7 5 20 20 
7 7 5 20 22 
6 7 5 30 30 
7 7 5 70 74 
6 7 5 40 41 
7 7 5 90 96 
8 7 5 40 43 
6 7 5 50 55 
3 7 5 40 37 
8 7 5 60 66 
6 7 5 60 64 
3 7 5 70 69 
8 7 5 70 76 
6 7 5 80 85 
3 7 5 80 80 
8 7 5 90 99 
6 7 5 90 93 


# From 6 to 5
7 7 6 10 9 
7 7 6 20 22 
7 7 6 40 42 
1 7 6 50 45 
7 7 6 60 65 
1 7 6 60 59 
7 7 6 70 75 
1 7 6 80 78 
7 7 6 80 87 
1 7 6 90 89 
7 7 6 90 94 
1 7 6 100 101 


# From 6 to 7
7 7 8 10 9 
6 7 8 20 21 
7 7 8 20 22 
6 7 8 30 31 
7 7 8 30 32 
6 7 8 40 41 
7 7 8 40 42 
6 7 8 70 72 
1 7 8 50 45 
7 7 8 60 65 
4 7 8 70 70 
6 7 8 80 86 
1 7 8 60 57 
7 7 8 70 75 
4 7 8 100 106 
6 7 8 90 93 
4 7 8 60 61 
1 7 8 80 78 
7 7 8 90 97 
6 7 8 100 108 
1 7 8 90 89 
1 7 8 100 100 
3 7 8 100 105 


# From 7 to 0
8 8 1 10 10 
3 8 1 10 4 
8 8 1 30 33 
3 8 1 20 15 
7 8 1 40 42 
8 8 1 40 44 
3 8 1 40 35 
7 8 1 80 87 
8 8 1 60 66 
3 8 1 50 49 
7 8 1 90 94 
3 8 1 70 68 
8 8 1 70 76 
3 8 1 80 80 
8 8 1 90 99 
5 8 1 80 83 
3 8 1 100 104 
6 8 1 100 108 
8 8 1 100 109 
4 8 1 80 81 
5 8 1 90 91 
4 8 1 100 106 


# From 7 to 1
8 8 2 10 11 
5 8 2 40 40 
8 8 2 30 33 
5 8 2 60 62 
7 8 2 40 42 
8 8 2 40 43 
5 8 2 70 71 
1 8 2 60 56 
7 8 2 60 65 
3 8 2 40 37 
8 8 2 60 66 
5 8 2 90 91 
1 8 2 80 78 
6 8 2 80 84 
7 8 2 70 75 
3 8 2 50 49 
3 8 2 70 69 
8 8 2 70 76 
7 8 2 90 95 
1 8 2 90 89 
6 8 2 90 93 
3 8 2 80 79 
8 8 2 90 99 


# From 7 to 2
8 8 3 10 10 
8 8 3 40 43 
8 8 3 60 66 
8 8 3 70 76 
8 8 3 90 98 
8 8 3 100 109 


# From 7 to 3
8 8 4 10 10 
3 8 4 40 36 
8 8 4 40 43 
3 8 4 60 60 
8 8 4 60 66 
3 8 4 70 69 
8 8 4 70 77 
5 8 4 80 83 
3 8 4 80 80 
8 8 4 90 98 
5 8 4 90 92 
3 8 4 90 90 
8 8 4 100 110 
3 8 4 100 105 


# From 7 to 4
8 8 5 10 11 
8 8 5 30 33 
7 8 5 70 74 
8 8 5 40 43 
7 8 5 90 96 
3 8 5 40 37 
8 8 5 60 66 
3 8 5 70 69 
8 8 5 70 76 
3 8 5 80 80 
8 8 5 90 99 
6 8 5 90 93 


# From 7 to 5
8 8 6 10 10 
3 8 6 10 4 
8 8 6 30 33 
1 8 6 10 1 
3 8 6 20 15 
7 8 6 40 42 
8 8 6 40 44 
7 8 6 10 9 
1 8 6 20 12 
3 8 6 40 35 
1 8 6 50 45 
7 8 6 60 65 
8 8 6 60 66 
7 8 6 20 22 
3 8 6 50 49 
1 8 6 60 59 
7 8 6 70 75 
3 8 6 70 68 
8 8 6 70 76 
1 8 6 80 78 
7 8 6 80 87 
3 8 6 100 104 
8 8 6 90 99 
1 8 6 90 89 
7 8 6 90 94 
8 8 6 100 109 
1 8 6 100 101 


# From 7 to 6
8 8 7 10 11 
5 8 7 10 7 
8 8 7 30 33 
1 8 7 10 1 
5 8 7 20 17 
8 8 7 40 44 
1 8 7 50 46 
5 8 7 40 40 
8 8 7 60 66 
1 8 7 60 59 
2 8 7 40 34 
5 8 7 50 54 
3 8 7 70 69 
8 8 7 70 76 
1 8 7 80 78 
2 8 7 50 48 
5 8 7 90 91 
3 8 7 80 80 
8 8 7 90 99 
6 8 7 90 93 
1 8 7 90 89 
2 8 7 70 67 
5 8 7 100 107 
3 8 7 100 104 
8 8 7 100 109 
6 8 7 100 108 
1 8 7 100 102 
2 8 7 100 103 


