# From 0 to 1
1 1 2 10 1 
1 1 2 30 23 
1 1 2 60 56 
1 1 2 80 78 
1 1 2 90 90 
7 1 2 100 107 
1 1 2 100 101 


# From 0 to 2
1 1 3 10 2 
5 1 3 10 8 
1 1 3 20 13 
8 1 3 10 10 
5 1 3 40 40 
7 1 3 40 42 
1 1 3 40 34 
8 1 3 20 21 
5 1 3 50 49 
7 1 3 50 54 
1 1 3 70 67 
8 1 3 30 31 
5 1 3 70 72 
7 1 3 70 75 
1 1 3 90 89 
8 1 3 40 44 
5 1 3 80 83 
7 1 3 80 86 
1 1 3 100 101 
8 1 3 50 55 
2 1 3 80 80 
5 1 3 90 95 
7 1 3 90 97 
7 1 3 100 107 
8 1 3 60 66 
2 1 3 100 102 
4 1 3 90 93 
5 1 3 100 104 
8 1 3 70 77 
8 1 3 80 88 
8 1 3 100 109 


# From 0 to 3
1 1 4 30 24 
1 1 4 60 57 
1 1 4 80 79 
1 1 4 90 90 
7 1 4 90 97 
1 1 4 100 101 
7 1 4 100 108 


# From 0 to 4
1 1 5 10 2 
1 1 5 20 12 
6 1 5 60 62 
1 1 5 40 34 
6 1 5 70 74 
1 1 5 70 68 
6 1 5 80 85 
1 1 5 80 79 
4 1 5 80 82 
6 1 5 100 106 
1 1 5 90 90 
7 1 5 90 98 
4 1 5 90 94 
1 1 5 100 100 
7 1 5 100 107 
2 1 5 100 103 
8 1 5 100 109 


# From 0 to 5
1 1 6 10 2 
5 1 6 20 19 
1 1 6 20 12 
5 1 6 50 51 
1 1 6 30 23 
5 1 6 70 72 
2 1 6 40 37 
1 1 6 40 34 
7 1 6 80 87 
5 1 6 80 84 
2 1 6 50 47 
1 1 6 60 58 
7 1 6 90 98 
5 1 6 90 96 
7 1 6 60 64 
2 1 6 70 69 
1 1 6 70 68 
7 1 6 100 107 
5 1 6 100 104 
4 1 6 80 82 
2 1 6 80 80 
1 1 6 100 100 
2 1 6 100 103 
4 1 6 90 94 
8 1 6 100 109 


# From 0 to 6
1 1 7 20 13 
1 1 7 60 58 
1 1 7 70 68 
5 1 7 70 72 
1 1 7 90 90 
5 1 7 80 84 
1 1 7 100 101 
5 1 7 100 104 


# From 0 to 7
1 1 8 10 2 
5 1 8 10 8 
1 1 8 20 13 
5 1 8 20 17 
7 1 8 30 29 
1 1 8 30 25 
5 1 8 40 41 
4 1 8 30 27 
7 1 8 60 65 
1 1 8 40 35 
5 1 8 50 52 
4 1 8 50 48 
7 1 8 70 76 
1 1 8 60 58 
5 1 8 70 72 
4 1 8 70 71 
7 1 8 90 99 
1 1 8 70 67 
5 1 8 80 84 
4 1 8 80 82 
7 1 8 100 107 
3 1 8 70 70 
1 1 8 80 78 
5 1 8 90 95 
4 1 8 90 93 
2 1 8 100 103 
3 1 8 80 81 
1 1 8 90 90 
5 1 8 100 104 
3 1 8 90 92 
1 1 8 100 101 


# From 1 to 0
2 2 1 40 37 
6 2 1 50 53 
2 2 1 50 45 
6 2 1 60 63 
2 2 1 80 80 
7 2 1 70 75 
6 2 1 70 74 
2 2 1 100 103 
7 2 1 80 86 
5 2 1 70 72 
6 2 1 100 105 
8 2 1 100 109 
7 2 1 90 99 
5 2 1 80 84 
7 2 1 100 107 
5 2 1 100 104 


# From 1 to 2
2 2 3 40 36 
5 2 3 40 40 
2 2 3 50 46 
5 2 3 50 49 
2 2 3 80 80 
5 2 3 70 72 
1 2 3 90 89 
2 2 3 100 102 
7 2 3 70 75 
5 2 3 80 83 
1 2 3 100 101 
1 2 3 70 67 
7 2 3 80 86 
5 2 3 90 95 
7 2 3 100 107 
7 2 3 90 97 
4 2 3 90 93 
5 2 3 100 104 


# From 1 to 3
2 2 4 40 36 
5 2 4 50 50 
2 2 4 50 45 
5 2 4 70 72 
1 2 4 60 57 
2 2 4 70 69 
7 2 4 90 97 
5 2 4 80 84 
1 2 4 80 79 
2 2 4 80 80 
7 2 4 100 108 
5 2 4 90 95 
1 2 4 90 90 
2 2 4 100 103 
5 2 4 100 104 
1 2 4 100 101 
8 2 4 100 110 


# From 1 to 4
2 2 5 40 36 
2 2 5 50 45 
1 2 5 70 68 
2 2 5 70 69 
1 2 5 80 79 
4 2 5 80 82 
2 2 5 80 80 
1 2 5 90 90 
7 2 5 90 98 
4 2 5 90 94 
2 2 5 100 103 
1 2 5 100 100 
7 2 5 100 107 
8 2 5 100 109 
6 2 5 100 106 


# From 1 to 5
2 2 6 40 37 
2 2 6 50 47 
7 2 6 60 64 
2 2 6 70 69 
7 2 6 80 87 
4 2 6 80 82 
2 2 6 80 80 
7 2 6 90 98 
4 2 6 90 94 
1 2 6 100 100 
2 2 6 100 103 
5 2 6 90 96 
7 2 6 100 107 
8 2 6 100 109 
5 2 6 100 104 


# From 1 to 6
2 2 7 40 36 
5 2 7 40 40 
2 2 7 50 47 
3 2 7 40 39 
5 2 7 70 72 
2 2 7 70 69 
3 2 7 70 70 
5 2 7 80 84 
4 2 7 80 82 
2 2 7 80 80 
3 2 7 80 81 
5 2 7 100 104 
4 2 7 90 93 
1 2 7 90 90 
2 2 7 100 103 
8 2 7 80 88 
3 2 7 90 92 
1 2 7 100 101 
8 2 7 100 109 


# From 1 to 7
2 2 8 40 36 
5 2 8 40 41 
2 2 8 50 47 
5 2 8 50 52 
7 2 8 60 65 
2 2 8 70 69 
5 2 8 70 72 
7 2 8 70 76 
4 2 8 70 71 
2 2 8 100 103 
5 2 8 80 84 
7 2 8 90 99 
4 2 8 80 82 
5 2 8 90 95 
7 2 8 100 107 
4 2 8 90 93 
5 2 8 100 104 
3 2 8 90 92 
1 2 8 100 101 


# From 2 to 0
3 3 1 10 4 
5 3 1 10 7 
3 3 1 20 15 
5 3 1 20 17 
6 3 1 20 20 
3 3 1 30 26 
5 3 1 40 41 
8 3 1 20 21 
6 3 1 50 53 
7 3 1 40 43 
3 3 1 40 38 
8 3 1 40 44 
5 3 1 50 51 
6 3 1 60 63 
7 3 1 70 75 
3 3 1 60 59 
8 3 1 50 55 
5 3 1 70 72 
6 3 1 70 74 
7 3 1 80 86 
3 3 1 70 70 
8 3 1 60 66 
5 3 1 80 84 
6 3 1 100 105 
7 3 1 90 99 
3 3 1 80 81 
2 3 1 80 80 
8 3 1 70 77 
5 3 1 100 104 
8 3 1 100 109 
7 3 1 100 107 
8 3 1 80 88 
3 3 1 90 92 
2 3 1 100 103 


# From 2 to 1
3 3 2 10 4 
5 3 2 10 7 
3 3 2 20 14 
1 3 2 10 1 
5 3 2 20 18 
3 3 2 30 26 
1 3 2 30 23 
5 3 2 40 41 
7 3 2 30 28 
3 3 2 40 38 
1 3 2 60 56 
8 3 2 40 44 
5 3 2 50 52 
7 3 2 40 43 
3 3 2 60 60 
1 3 2 80 78 
8 3 2 60 66 
5 3 2 70 72 
6 3 2 50 53 
7 3 2 60 65 
3 3 2 70 70 
1 3 2 90 90 
8 3 2 70 77 
7 3 2 70 75 
5 3 2 80 83 
6 3 2 60 63 
3 3 2 80 81 
7 3 2 100 107 
1 3 2 100 101 
8 3 2 80 88 
7 3 2 80 86 
5 3 2 100 104 
6 3 2 70 73 
3 3 2 90 92 
8 3 2 100 109 
6 3 2 80 85 
4 3 2 80 82 
6 3 2 100 105 
4 3 2 90 93 


# From 2 to 3
3 3 4 10 3 
3 3 4 20 14 
2 3 4 40 36 
3 3 4 30 26 
5 3 4 50 50 
2 3 4 50 45 
7 3 4 30 29 
3 3 4 40 38 
5 3 4 70 72 
1 3 4 60 57 
2 3 4 70 69 
7 3 4 90 97 
3 3 4 60 59 
5 3 4 80 84 
1 3 4 80 79 
2 3 4 80 80 
7 3 4 100 108 
6 3 4 60 63 
3 3 4 70 70 
5 3 4 90 95 
1 3 4 90 90 
2 3 4 100 103 
6 3 4 70 73 
3 3 4 80 81 
5 3 4 100 104 
1 3 4 100 101 
8 3 4 100 110 
6 3 4 80 85 
8 3 4 80 88 
3 3 4 90 91 
6 3 4 100 105 


# From 2 to 4
3 3 5 10 4 
3 3 5 20 15 
6 3 5 60 62 
3 3 5 30 26 
6 3 5 70 74 
7 3 5 30 30 
3 3 5 40 38 
6 3 5 80 85 
7 3 5 40 43 
1 3 5 40 34 
3 3 5 60 59 
4 3 5 80 82 
6 3 5 100 106 
7 3 5 60 64 
1 3 5 70 68 
3 3 5 70 70 
7 3 5 90 98 
4 3 5 90 94 
7 3 5 70 75 
1 3 5 80 79 
3 3 5 80 81 
7 3 5 100 107 
1 3 5 90 90 
8 3 5 80 88 
3 3 5 90 92 
2 3 5 100 103 
1 3 5 100 100 
8 3 5 100 109 


# From 2 to 5
3 3 6 10 4 
5 3 6 20 19 
3 3 6 20 15 
5 3 6 50 51 
3 3 6 30 26 
5 3 6 70 72 
7 3 6 40 43 
3 3 6 40 39 
7 3 6 80 87 
5 3 6 80 84 
7 3 6 60 64 
3 3 6 60 59 
7 3 6 90 98 
5 3 6 90 96 
3 3 6 70 70 
7 3 6 100 107 
5 3 6 100 104 
3 3 6 80 81 
2 3 6 100 103 
1 3 6 100 100 
8 3 6 80 88 
3 3 6 90 92 
8 3 6 100 109 


# From 2 to 6
3 3 7 30 26 
3 3 7 40 39 
3 3 7 70 70 
3 3 7 80 81 
8 3 7 80 88 
3 3 7 90 92 
8 3 7 100 109 
1 3 7 100 101 


# From 2 to 7
3 3 8 10 3 
4 3 8 10 6 
3 3 8 30 26 
4 3 8 30 27 
7 3 8 30 29 
3 3 8 40 39 
4 3 8 50 48 
7 3 8 60 65 
3 3 8 60 60 
4 3 8 70 71 
7 3 8 70 76 
3 3 8 70 70 
4 3 8 80 82 
7 3 8 90 99 
3 3 8 80 81 
4 3 8 90 93 
7 3 8 100 107 
3 3 8 90 92 
2 3 8 100 103 


# From 3 to 0
4 4 1 10 5 
4 4 1 20 16 
2 4 1 40 37 
4 4 1 30 27 
6 4 1 50 53 
2 4 1 50 45 
8 4 1 40 44 
4 4 1 60 61 
6 4 1 60 63 
2 4 1 80 80 
8 4 1 50 55 
4 4 1 70 71 
7 4 1 70 75 
6 4 1 70 74 
2 4 1 100 103 
5 4 1 50 51 
8 4 1 60 66 
8 4 1 70 77 
4 4 1 80 82 
7 4 1 80 86 
5 4 1 70 72 
6 4 1 100 105 
8 4 1 100 109 
8 4 1 80 88 
4 4 1 90 94 
7 4 1 90 99 
5 4 1 80 84 
5 4 1 100 104 
7 4 1 100 107 


# From 3 to 1
4 4 2 10 5 
1 4 2 10 1 
4 4 2 20 16 
1 4 2 30 23 
4 4 2 30 27 
1 4 2 60 56 
8 4 2 40 44 
4 4 2 50 48 
1 4 2 80 78 
8 4 2 60 66 
4 4 2 60 61 
1 4 2 90 90 
8 4 2 70 77 
4 4 2 70 71 
7 4 2 100 107 
1 4 2 100 101 
8 4 2 80 88 
4 4 2 80 82 
7 4 2 80 86 
8 4 2 100 109 
4 4 2 90 93 
3 4 2 90 92 


# From 3 to 2
4 4 3 10 6 
8 4 3 10 10 
4 4 3 20 16 
8 4 3 20 21 
2 4 3 40 36 
4 4 3 30 27 
1 4 3 20 13 
8 4 3 30 31 
5 4 3 40 40 
2 4 3 50 46 
4 4 3 60 61 
7 4 3 40 42 
1 4 3 40 34 
8 4 3 40 44 
5 4 3 50 49 
2 4 3 80 80 
1 4 3 70 67 
4 4 3 90 93 
7 4 3 50 54 
8 4 3 50 55 
5 4 3 70 72 
1 4 3 90 89 
2 4 3 100 102 
7 4 3 70 75 
8 4 3 60 66 
5 4 3 80 83 
1 4 3 100 101 
7 4 3 80 86 
8 4 3 70 77 
5 4 3 90 95 
7 4 3 100 107 
7 4 3 90 97 
8 4 3 80 88 
5 4 3 100 104 
8 4 3 100 109 


# From 3 to 4
4 4 5 10 5 
1 4 5 10 2 
4 4 5 20 16 
1 4 5 20 12 
2 4 5 40 36 
4 4 5 30 27 
6 4 5 60 62 
1 4 5 40 34 
2 4 5 50 45 
8 4 5 30 33 
4 4 5 50 48 
6 4 5 70 74 
1 4 5 70 68 
2 4 5 70 69 
8 4 5 40 44 
8 4 5 50 55 
4 4 5 60 61 
6 4 5 80 85 
1 4 5 80 79 
4 4 5 80 82 
2 4 5 80 80 
8 4 5 60 66 
6 4 5 100 106 
1 4 5 90 90 
7 4 5 90 98 
4 4 5 90 94 
2 4 5 100 103 
8 4 5 70 77 
1 4 5 100 100 
7 4 5 100 107 
8 4 5 100 109 
8 4 5 80 88 


# From 3 to 5
4 4 6 10 5 
1 4 6 10 2 
4 4 6 20 16 
5 4 6 20 19 
1 4 6 20 12 
2 4 6 40 37 
4 4 6 30 27 
5 4 6 50 51 
1 4 6 30 23 
2 4 6 50 47 
8 4 6 30 33 
4 4 6 50 48 
5 4 6 70 72 
1 4 6 40 34 
7 4 6 60 64 
2 4 6 70 69 
8 4 6 40 44 
8 4 6 50 55 
4 4 6 60 61 
7 4 6 80 87 
5 4 6 80 84 
1 4 6 60 58 
4 4 6 80 82 
2 4 6 80 80 
8 4 6 80 88 
7 4 6 90 98 
5 4 6 90 96 
1 4 6 70 68 
4 4 6 90 94 
1 4 6 100 100 
2 4 6 100 103 
8 4 6 100 109 
7 4 6 100 107 
5 4 6 100 104 


# From 3 to 6
4 4 7 10 5 
1 4 7 20 13 
4 4 7 20 16 
1 4 7 60 58 
2 4 7 40 36 
4 4 7 30 27 
1 4 7 70 68 
5 4 7 40 40 
2 4 7 50 47 
8 4 7 30 31 
4 4 7 60 61 
5 4 7 70 72 
1 4 7 90 90 
3 4 7 40 39 
2 4 7 70 69 
3 4 7 30 26 
8 4 7 40 44 
4 4 7 80 82 
5 4 7 80 84 
1 4 7 100 101 
3 4 7 70 70 
2 4 7 80 80 
8 4 7 50 55 
4 4 7 90 93 
5 4 7 100 104 
3 4 7 80 81 
2 4 7 100 103 
8 4 7 80 88 
3 4 7 90 92 
8 4 7 100 109 


# From 3 to 7
4 4 8 10 6 
4 4 8 30 27 
4 4 8 50 48 
4 4 8 70 71 
4 4 8 80 82 
7 4 8 90 99 
4 4 8 90 93 
7 4 8 100 107 
3 4 8 90 92 
2 4 8 100 103 


# From 4 to 0
5 5 1 10 7 
5 5 1 20 17 
5 5 1 40 41 
8 5 1 40 44 
5 5 1 50 51 
8 5 1 50 55 
6 5 1 50 53 
5 5 1 70 72 
8 5 1 60 66 
6 5 1 60 63 
7 5 1 70 75 
5 5 1 80 84 
2 5 1 80 80 
8 5 1 70 77 
6 5 1 70 74 
7 5 1 80 86 
5 5 1 100 104 
2 5 1 100 103 
8 5 1 80 88 
6 5 1 100 105 
7 5 1 90 99 
8 5 1 100 109 
7 5 1 100 107 


# From 4 to 1
5 5 2 10 7 
1 5 2 10 1 
5 5 2 20 18 
1 5 2 30 23 
5 5 2 40 41 
1 5 2 60 56 
8 5 2 40 44 
5 5 2 50 52 
1 5 2 80 78 
8 5 2 60 66 
5 5 2 70 72 
1 5 2 90 90 
8 5 2 70 77 
7 5 2 70 75 
5 5 2 80 83 
7 5 2 100 107 
1 5 2 100 101 
8 5 2 80 88 
7 5 2 80 86 
5 5 2 100 104 
8 5 2 100 109 


# From 4 to 2
5 5 3 10 8 
8 5 3 10 10 
5 5 3 40 40 
8 5 3 20 21 
5 5 3 50 49 
1 5 3 20 13 
8 5 3 30 31 
5 5 3 70 72 
7 5 3 40 42 
1 5 3 40 34 
8 5 3 40 44 
7 5 3 70 75 
5 5 3 80 83 
7 5 3 50 54 
1 5 3 70 67 
8 5 3 50 55 
7 5 3 80 86 
2 5 3 80 80 
5 5 3 90 95 
1 5 3 90 89 
8 5 3 60 66 
7 5 3 90 97 
2 5 3 100 102 
4 5 3 90 93 
5 5 3 100 104 
1 5 3 100 101 
8 5 3 70 77 
7 5 3 100 107 
8 5 3 80 88 
8 5 3 100 109 


# From 4 to 3
5 5 4 10 7 
1 5 4 30 24 
5 5 4 20 17 
1 5 4 60 57 
5 5 4 50 50 
1 5 4 80 79 
5 5 4 70 72 
1 5 4 90 90 
7 5 4 90 97 
5 5 4 80 84 
1 5 4 100 101 
7 5 4 100 108 
5 5 4 90 95 
5 5 4 100 104 


# From 4 to 5
5 5 6 20 19 
5 5 6 50 51 
5 5 6 70 72 
7 5 6 80 87 
5 5 6 80 84 
7 5 6 90 98 
5 5 6 90 96 
7 5 6 100 107 
5 5 6 100 104 
2 5 6 100 103 
1 5 6 100 100 
8 5 6 100 109 


# From 4 to 6
5 5 7 10 7 
1 5 7 20 13 
5 5 7 20 17 
1 5 7 60 58 
5 5 7 40 40 
1 5 7 70 68 
3 5 7 40 39 
5 5 7 70 72 
1 5 7 90 90 
3 5 7 70 70 
5 5 7 80 84 
1 5 7 100 101 
3 5 7 80 81 
5 5 7 100 104 
8 5 7 80 88 
3 5 7 90 92 
8 5 7 100 109 


# From 4 to 7
5 5 8 10 8 
5 5 8 20 17 
1 5 8 20 13 
5 5 8 40 41 
7 5 8 30 29 
1 5 8 30 25 
5 5 8 50 52 
4 5 8 30 27 
7 5 8 60 65 
1 5 8 40 35 
5 5 8 70 72 
4 5 8 50 48 
7 5 8 70 76 
1 5 8 60 58 
5 5 8 80 84 
4 5 8 70 71 
7 5 8 90 99 
1 5 8 70 67 
5 5 8 90 95 
4 5 8 80 82 
7 5 8 100 107 
3 5 8 70 70 
1 5 8 80 78 
4 5 8 90 93 
5 5 8 100 104 
2 5 8 100 103 
3 5 8 80 81 
1 5 8 90 90 
3 5 8 90 92 
1 5 8 100 101 


# From 5 to 0
6 6 1 20 20 
8 6 1 20 21 
6 6 1 50 53 
8 6 1 40 44 
6 6 1 60 63 
8 6 1 50 55 
7 6 1 70 75 
6 6 1 70 74 
5 6 1 50 51 
8 6 1 60 66 
7 6 1 80 86 
5 6 1 70 72 
6 6 1 100 105 
2 6 1 80 80 
8 6 1 70 77 
7 6 1 90 99 
5 6 1 80 84 
2 6 1 100 103 
8 6 1 80 88 
8 6 1 100 109 
7 6 1 100 107 
5 6 1 100 104 


# From 5 to 1
6 6 2 20 20 
8 6 2 20 21 
6 6 2 50 53 
1 6 2 30 23 
8 6 2 40 44 
1 6 2 60 56 
6 6 2 60 63 
8 6 2 60 66 
1 6 2 80 78 
7 6 2 60 65 
6 6 2 70 73 
8 6 2 70 77 
1 6 2 90 90 
7 6 2 70 75 
6 6 2 80 85 
8 6 2 80 88 
7 6 2 100 107 
1 6 2 100 101 
7 6 2 80 86 
4 6 2 80 82 
6 6 2 100 105 
8 6 2 100 109 
4 6 2 90 93 
3 6 2 90 92 


# From 5 to 2
6 6 3 20 20 
8 6 3 20 21 
6 6 3 50 53 
1 6 3 20 13 
8 6 3 30 31 
1 6 3 70 67 
6 6 3 60 63 
7 6 3 40 42 
1 6 3 40 34 
8 6 3 40 44 
1 6 3 90 89 
7 6 3 70 75 
6 6 3 70 73 
7 6 3 50 54 
5 6 3 40 40 
8 6 3 50 55 
1 6 3 100 101 
7 6 3 80 86 
2 6 3 80 80 
6 6 3 80 85 
5 6 3 50 49 
8 6 3 60 66 
7 6 3 100 107 
7 6 3 90 97 
2 6 3 100 102 
4 6 3 90 93 
6 6 3 100 105 
5 6 3 70 72 
8 6 3 70 77 
5 6 3 80 83 
8 6 3 80 88 
5 6 3 90 95 
8 6 3 100 109 
5 6 3 100 104 


# From 5 to 3
6 6 4 20 20 
8 6 4 20 21 
6 6 4 50 53 
1 6 4 30 24 
8 6 4 30 32 
1 6 4 60 57 
6 6 4 60 63 
8 6 4 40 44 
1 6 4 80 79 
7 6 4 90 97 
6 6 4 70 73 
8 6 4 50 55 
1 6 4 90 90 
7 6 4 100 108 
2 6 4 70 69 
6 6 4 80 85 
5 6 4 50 50 
8 6 4 60 66 
1 6 4 100 101 
2 6 4 80 80 
6 6 4 100 105 
5 6 4 70 72 
8 6 4 70 77 
2 6 4 100 103 
5 6 4 80 84 
8 6 4 80 88 
8 6 4 100 110 
5 6 4 90 95 
5 6 4 100 104 


# From 5 to 4
6 6 5 60 62 
6 6 5 70 74 
6 6 5 80 85 
4 6 5 80 82 
6 6 5 100 106 
7 6 5 90 98 
4 6 5 90 94 
7 6 5 100 107 
2 6 5 100 103 
8 6 5 100 109 
1 6 5 100 100 


# From 5 to 6
6 6 7 20 20 
8 6 7 20 21 
6 6 7 50 53 
1 6 7 20 13 
8 6 7 30 31 
1 6 7 60 58 
6 6 7 60 63 
3 6 7 30 26 
8 6 7 40 44 
1 6 7 70 68 
6 6 7 70 74 
3 6 7 40 39 
8 6 7 50 55 
5 6 7 70 72 
1 6 7 90 90 
6 6 7 80 85 
3 6 7 70 70 
8 6 7 80 88 
5 6 7 80 84 
1 6 7 100 101 
4 6 7 80 82 
6 6 7 100 105 
3 6 7 80 81 
8 6 7 100 109 
5 6 7 100 104 
4 6 7 90 93 
3 6 7 90 92 


# From 5 to 7
6 6 8 20 20 
6 6 8 50 53 
1 6 8 60 58 
6 6 8 60 63 
7 6 8 60 65 
1 6 8 70 67 
6 6 8 70 73 
7 6 8 70 76 
3 6 8 70 70 
1 6 8 80 78 
2 6 8 70 69 
6 6 8 80 85 
7 6 8 90 99 
3 6 8 80 81 
2 6 8 100 103 
1 6 8 90 90 
4 6 8 70 71 
4 6 8 80 82 
6 6 8 100 105 
7 6 8 100 107 
3 6 8 90 92 
1 6 8 100 101 
4 6 8 90 93 


# From 6 to 0
7 7 1 40 43 
6 7 1 50 53 
7 7 1 70 75 
6 7 1 60 63 
7 7 1 80 86 
6 7 1 70 74 
7 7 1 90 99 
5 7 1 70 72 
6 7 1 100 105 
8 7 1 100 109 
7 7 1 100 107 
5 7 1 80 84 
2 7 1 100 103 
5 7 1 100 104 


# From 6 to 1
7 7 2 10 9 
7 7 2 30 28 
7 7 2 40 43 
6 7 2 50 53 
7 7 2 60 65 
1 7 2 60 56 
6 7 2 60 63 
8 7 2 60 66 
7 7 2 70 75 
1 7 2 80 78 
6 7 2 70 73 
8 7 2 70 77 
7 7 2 80 86 
1 7 2 90 90 
6 7 2 80 85 
8 7 2 80 88 
7 7 2 100 107 
1 7 2 100 101 
4 7 2 80 82 
6 7 2 100 105 
8 7 2 100 109 
4 7 2 90 93 
3 7 2 90 92 


# From 6 to 2
7 7 3 40 42 
7 7 3 50 54 
7 7 3 70 75 
1 7 3 70 67 
7 7 3 80 86 
1 7 3 90 89 
7 7 3 90 97 
1 7 3 100 101 
4 7 3 90 93 
7 7 3 100 107 
2 7 3 100 102 


# From 6 to 3
7 7 4 30 29 
7 7 4 90 97 
7 7 4 100 108 


# From 6 to 4
7 7 5 30 30 
7 7 5 40 43 
6 7 5 60 62 
7 7 5 60 64 
6 7 5 70 74 
7 7 5 70 75 
6 7 5 80 85 
1 7 5 70 68 
7 7 5 90 98 
4 7 5 80 82 
6 7 5 100 106 
1 7 5 80 79 
7 7 5 100 107 
4 7 5 90 94 
1 7 5 90 90 
2 7 5 100 103 
1 7 5 100 100 
8 7 5 100 109 


# From 6 to 5
7 7 6 40 43 
7 7 6 60 64 
7 7 6 80 87 
7 7 6 90 98 
5 7 6 90 96 
7 7 6 100 107 
5 7 6 100 104 
2 7 6 100 103 
1 7 6 100 100 
8 7 6 100 109 


# From 6 to 7
7 7 8 30 29 
4 7 8 30 27 
7 7 8 60 65 
4 7 8 50 48 
7 7 8 70 76 
4 7 8 70 71 
7 7 8 90 99 
4 7 8 80 82 
7 7 8 100 107 
4 7 8 90 93 
2 7 8 100 103 
3 7 8 90 92 


# From 7 to 0
8 8 1 10 11 
5 8 1 10 7 
8 8 1 20 21 
5 8 1 20 17 
8 8 1 40 44 
5 8 1 40 41 
8 8 1 50 55 
5 8 1 50 51 
8 8 1 60 66 
6 8 1 50 53 
5 8 1 70 72 
2 8 1 80 80 
8 8 1 70 77 
6 8 1 60 63 
7 8 1 70 75 
5 8 1 80 84 
2 8 1 100 103 
8 8 1 80 88 
6 8 1 70 74 
7 8 1 80 86 
5 8 1 100 104 
8 8 1 100 109 
6 8 1 100 105 
7 8 1 90 99 
7 8 1 100 107 


# From 7 to 1
8 8 2 10 11 
5 8 2 10 7 
8 8 2 20 21 
1 8 2 10 1 
5 8 2 20 18 
1 8 2 30 23 
8 8 2 40 44 
5 8 2 40 41 
1 8 2 60 56 
8 8 2 60 66 
5 8 2 50 52 
1 8 2 80 78 
8 8 2 70 77 
5 8 2 70 72 
1 8 2 90 90 
8 8 2 80 88 
7 8 2 70 75 
5 8 2 80 83 
7 8 2 100 107 
1 8 2 100 101 
7 8 2 80 86 
8 8 2 100 109 
5 8 2 100 104 


# From 7 to 2
8 8 3 10 10 
8 8 3 20 21 
1 8 3 20 13 
8 8 3 30 31 
7 8 3 40 42 
1 8 3 40 34 
8 8 3 40 44 
7 8 3 50 54 
5 8 3 40 40 
1 8 3 70 67 
8 8 3 50 55 
7 8 3 70 75 
5 8 3 50 49 
1 8 3 90 89 
8 8 3 60 66 
7 8 3 80 86 
5 8 3 70 72 
1 8 3 100 101 
2 8 3 80 80 
8 8 3 70 77 
7 8 3 90 97 
5 8 3 80 83 
7 8 3 100 107 
2 8 3 100 102 
8 8 3 80 88 
4 8 3 90 93 
5 8 3 90 95 
8 8 3 100 109 
5 8 3 100 104 


# From 7 to 3
8 8 4 20 21 
1 8 4 30 24 
8 8 4 30 32 
1 8 4 60 57 
8 8 4 40 44 
1 8 4 80 79 
8 8 4 50 55 
1 8 4 90 90 
5 8 4 50 50 
8 8 4 60 66 
7 8 4 90 97 
1 8 4 100 101 
5 8 4 70 72 
2 8 4 70 69 
8 8 4 70 77 
7 8 4 100 108 
5 8 4 80 84 
2 8 4 80 80 
8 8 4 80 88 
5 8 4 90 95 
2 8 4 100 103 
8 8 4 100 110 
5 8 4 100 104 


# From 7 to 4
8 8 5 10 11 
8 8 5 20 22 
6 8 5 60 62 
8 8 5 30 33 
6 8 5 70 74 
8 8 5 40 44 
6 8 5 80 85 
1 8 5 40 34 
8 8 5 50 55 
4 8 5 80 82 
6 8 5 100 106 
1 8 5 70 68 
8 8 5 60 66 
7 8 5 90 98 
4 8 5 90 94 
1 8 5 80 79 
2 8 5 70 69 
8 8 5 70 77 
7 8 5 100 107 
1 8 5 90 90 
2 8 5 80 80 
8 8 5 80 88 
2 8 5 100 103 
1 8 5 100 100 
8 8 5 100 109 


# From 7 to 5
8 8 6 10 11 
5 8 6 20 19 
8 8 6 20 22 
5 8 6 50 51 
8 8 6 30 33 
5 8 6 70 72 
8 8 6 40 44 
7 8 6 80 87 
5 8 6 80 84 
1 8 6 40 34 
8 8 6 50 55 
7 8 6 90 98 
5 8 6 90 96 
1 8 6 60 58 
8 8 6 80 88 
7 8 6 100 107 
5 8 6 100 104 
7 8 6 60 64 
1 8 6 70 68 
8 8 6 100 109 
2 8 6 100 103 
1 8 6 100 100 


# From 7 to 6
8 8 7 10 10 
3 8 7 30 26 
8 8 7 20 21 
3 8 7 40 39 
1 8 7 20 13 
8 8 7 30 31 
3 8 7 70 70 
1 8 7 60 58 
8 8 7 40 44 
3 8 7 80 81 
1 8 7 70 68 
8 8 7 50 55 
8 8 7 80 88 
3 8 7 90 92 
5 8 7 70 72 
1 8 7 90 90 
8 8 7 100 109 
5 8 7 80 84 
1 8 7 100 101 
5 8 7 100 104 


