a contact +0 +86400 10 1 1
a contact +0 +86400 1 10 1
a contact +0 +86400 12 1 1
a contact +0 +86400 1 12 1
a contact +0 +86400 14 1 1
a contact +0 +86400 1 14 1
a contact +0 +86400 16 1 1
a contact +0 +86400 1 16 1
a contact +0 +86400 18 1 1
a contact +0 +86400 1 18 1
a contact +0 +86400 20 1 1
a contact +0 +86400 1 20 1
a contact +0 +86400 22 1 1
a contact +0 +86400 1 22 1
a contact +0 +86400 24 1 1
a contact +0 +86400 1 24 1
a contact +0 +86400 26 1 1
a contact +0 +86400 1 26 1
a contact +0 +86400 30 1 1
a contact +0 +86400 1 30 1
a contact +29067 +29547 44 10 1
a contact +29067 +29547 10 44 1
a contact +35001 +35737 44 10 1
a contact +35001 +35737 10 44 1
a contact +75271 +75957 44 10 1
a contact +75271 +75957 10 44 1
a contact +81316 +81987 44 10 1
a contact +81316 +81987 10 44 1
a contact +5804 +6548 44 12 1
a contact +5804 +6548 12 44 1
a contact +12108 +12371 44 12 1
a contact +12108 +12371 12 44 1
a contact +44221 +44760 44 12 1
a contact +44221 +44760 12 44 1
a contact +50172 +50906 44 12 1
a contact +50172 +50906 12 44 1
a contact +1230 +1869 44 14 1
a contact +1230 +1869 14 44 1
a contact +7282 +8043 44 14 1
a contact +7282 +8043 14 44 1
a contact +13338 +14069 44 14 1
a contact +13338 +14069 14 44 1
a contact +19415 +19932 44 14 1
a contact +19415 +19932 14 44 1
a contact +43057 +43225 44 14 1
a contact +43057 +43225 14 44 1
a contact +48762 +49375 44 14 1
a contact +48762 +49375 14 44 1
a contact +54688 +55441 44 14 1
a contact +54688 +55441 14 44 1
a contact +60769 +61494 44 14 1
a contact +60769 +61494 14 44 1
a contact +66995 +67548 44 14 1
a contact +66995 +67548 14 44 1
a contact +73324 +73629 44 14 1
a contact +73324 +73629 14 44 1
a contact +79544 +79870 44 14 1
a contact +79544 +79870 14 44 1
a contact +85619 +86197 44 14 1
a contact +85619 +86197 14 44 1
a contact +10981 +11720 44 16 1
a contact +10981 +11720 16 44 1
a contact +17161 +17554 44 16 1
a contact +17161 +17554 16 44 1
a contact +51186 +51650 44 16 1
a contact +51186 +51650 16 44 1
a contact +57052 +57803 44 16 1
a contact +57052 +57803 16 44 1
a contact +8232 +8530 44 18 1
a contact +8232 +8530 18 44 1
a contact +14058 +14817 44 18 1
a contact +14058 +14817 18 44 1
a contact +54036 +54653 44 18 1
a contact +54036 +54653 18 44 1
a contact +60043 +60702 44 18 1
a contact +60043 +60702 18 44 1
a contact +1180 +1922 44 20 1
a contact +1180 +1922 20 44 1
a contact +7238 +8001 44 20 1
a contact +7238 +8001 20 44 1
a contact +13292 +13956 44 20 1
a contact +13292 +13956 20 44 1
a contact +19359 +19778 44 20 1
a contact +19359 +19778 20 44 1
a contact +37120 +37299 44 20 1
a contact +37120 +37299 20 44 1
a contact +42851 +43402 44 20 1
a contact +42851 +43402 20 44 1
a contact +48739 +49460 44 20 1
a contact +48739 +49460 20 44 1
a contact +54755 +55515 44 20 1
a contact +54755 +55515 20 44 1
a contact +60890 +61578 44 20 1
a contact +60890 +61578 20 44 1
a contact +67116 +67668 44 20 1
a contact +67116 +67668 20 44 1
a contact +73344 +73830 44 20 1
a contact +73344 +73830 20 44 1
a contact +79486 +80069 44 20 1
a contact +79486 +80069 20 44 1
a contact +85568 +86283 44 20 1
a contact +85568 +86283 20 44 1
a contact +1791 +2528 44 22 1
a contact +1791 +2528 22 44 1
a contact +7880 +8478 44 22 1
a contact +7880 +8478 22 44 1
a contact +42361 +42695 44 22 1
a contact +42361 +42695 22 44 1
a contact +48147 +48897 44 22 1
a contact +48147 +48897 22 44 1
a contact +54484 +54730 44 22 1
a contact +54484 +54730 22 44 1
a contact +86220 +86400 44 22 1
a contact +86220 +86400 22 44 1
a contact +5043 +5788 44 24 1
a contact +5043 +5788 24 44 1
a contact +44998 +45577 44 24 1
a contact +44998 +45577 24 44 1
a contact +50954 +51665 44 24 1
a contact +50954 +51665 24 44 1
a contact +24681 +25236 44 26 1
a contact +24681 +25236 26 44 1
a contact +30571 +31310 44 26 1
a contact +30571 +31310 26 44 1
a contact +36625 +37365 44 26 1
a contact +36625 +37365 26 44 1
a contact +42833 +43414 44 26 1
a contact +42833 +43414 26 44 1
a contact +49173 +49471 44 26 1
a contact +49173 +49471 26 44 1
a contact +55449 +55668 44 26 1
a contact +55449 +55668 26 44 1
a contact +61517 +62031 44 26 1
a contact +61517 +62031 26 44 1
a contact +67567 +68284 44 26 1
a contact +67567 +68284 26 44 1
a contact +73619 +74384 44 26 1
a contact +73619 +74384 26 44 1
a contact +79684 +80325 44 26 1
a contact +79684 +80325 26 44 1
a contact +85819 +86054 44 26 1
a contact +85819 +86054 26 44 1
a contact +18117 +18807 44 30 1
a contact +18117 +18807 30 44 1
a contact +24173 +24839 44 30 1
a contact +24173 +24839 30 44 1
a contact +56112 +56442 44 30 1
a contact +56112 +56442 30 44 1
a contact +61989 +62754 44 30 1
a contact +61989 +62754 30 44 1
a contact +68136 +68603 44 30 1
a contact +68136 +68603 30 44 1
