# From 0 to 1
1 1 2 10 1 
1 1 2 40 34 
1 1 2 50 45 
1 1 2 60 56 
3 1 2 60 58 
1 1 2 70 67 
3 1 2 80 80 
5 1 2 70 75 
1 1 2 80 78 
7 1 2 80 85 
3 1 2 90 93 
5 1 2 80 84 
1 1 2 90 90 
7 1 2 90 97 
4 1 2 90 95 
3 1 2 100 100 
5 1 2 100 103 
4 1 2 100 102 
6 1 2 100 105 


# From 0 to 2
1 1 3 20 12 
1 1 3 30 23 
7 1 3 30 31 
1 1 3 40 36 
4 1 3 30 26 
7 1 3 40 42 
5 1 3 60 63 
1 1 3 60 56 
4 1 3 40 40 
2 1 3 40 37 
7 1 3 60 64 
5 1 3 70 76 
1 1 3 70 67 
4 1 3 60 61 
2 1 3 50 47 
7 1 3 80 86 
5 1 3 80 83 
1 1 3 80 78 
4 1 3 70 71 
2 1 3 60 57 
7 1 3 90 97 
5 1 3 100 103 
1 1 3 90 89 
4 1 3 80 81 
2 1 3 70 69 
2 1 3 90 92 
4 1 3 100 102 
8 1 3 90 99 
6 1 3 100 106 


# From 0 to 3
1 1 4 10 1 
2 1 4 10 2 
1 1 4 20 12 
2 1 4 20 14 
3 1 4 50 50 
1 1 4 40 35 
2 1 4 30 24 
3 1 4 60 59 
1 1 4 60 56 
8 1 4 30 33 
2 1 4 50 47 
3 1 4 90 93 
1 1 4 80 79 
8 1 4 40 43 
2 1 4 60 57 
3 1 4 100 100 
1 1 4 90 90 
8 1 4 60 66 
7 1 4 60 64 
2 1 4 70 68 
5 1 4 100 103 
8 1 4 80 87 
7 1 4 80 86 
2 1 4 90 92 
8 1 4 90 99 
7 1 4 90 97 
6 1 4 100 107 


# From 0 to 4
1 1 5 20 12 
3 1 5 20 17 
1 1 5 40 36 
3 1 5 50 51 
1 1 5 50 45 
3 1 5 60 60 
2 1 5 50 48 
1 1 5 60 56 
3 1 5 90 94 
2 1 5 60 57 
1 1 5 70 67 
3 1 5 100 100 
7 1 5 60 65 
2 1 5 70 69 
1 1 5 80 78 
7 1 5 80 86 
2 1 5 90 92 
1 1 5 90 89 
7 1 5 90 97 
8 1 5 90 98 


# From 0 to 5
1 1 6 10 1 
2 1 6 10 2 
1 1 6 20 12 
4 1 6 40 39 
2 1 6 20 15 
3 1 6 20 18 
1 1 6 40 35 
4 1 6 50 54 
2 1 6 30 24 
7 1 6 20 22 
3 1 6 40 38 
1 1 6 50 45 
4 1 6 70 72 
8 1 6 30 33 
2 1 6 50 47 
7 1 6 30 32 
3 1 6 50 52 
1 1 6 60 56 
4 1 6 80 82 
8 1 6 40 43 
2 1 6 60 57 
7 1 6 40 42 
3 1 6 60 59 
1 1 6 80 79 
4 1 6 100 102 
8 1 6 80 87 
7 1 6 60 64 
2 1 6 70 68 
3 1 6 90 93 
1 1 6 90 91 
8 1 6 90 99 
7 1 6 80 86 
2 1 6 90 92 
3 1 6 100 100 
7 1 6 90 97 
5 1 6 100 103 


# From 0 to 6
1 1 7 30 23 
1 1 7 40 35 
4 1 7 40 40 
1 1 7 50 45 
4 1 7 70 73 
2 1 7 50 47 
1 1 7 60 56 
4 1 7 80 81 
3 1 7 50 50 
2 1 7 60 57 
3 1 7 60 59 
1 1 7 70 67 
5 1 7 80 84 
4 1 7 90 95 
2 1 7 70 70 
3 1 7 80 80 
5 1 7 70 76 
1 1 7 80 78 
5 1 7 100 104 
4 1 7 100 102 
2 1 7 90 92 
3 1 7 90 93 
1 1 7 90 90 
6 1 7 100 108 
8 1 7 90 98 
3 1 7 100 100 


# From 0 to 7
1 1 8 10 1 
2 1 8 30 24 
1 1 8 20 12 
2 1 8 50 49 
3 1 8 20 18 
1 1 8 40 35 
2 1 8 60 57 
7 1 8 20 22 
3 1 8 50 53 
4 1 8 40 39 
1 1 8 50 46 
7 1 8 60 64 
2 1 8 90 92 
7 1 8 30 32 
3 1 8 60 59 
6 1 8 40 41 
4 1 8 70 74 
1 1 8 60 56 
7 1 8 80 85 
7 1 8 40 42 
3 1 8 80 80 
6 1 8 50 55 
4 1 8 80 82 
1 1 8 90 91 
7 1 8 90 97 
3 1 8 90 93 
6 1 8 100 109 
4 1 8 100 102 
3 1 8 100 100 
5 1 8 100 103 


# From 1 to 0
2 2 1 20 13 
2 2 1 30 24 
8 2 1 40 43 
2 2 1 40 37 
8 2 1 80 87 
5 2 1 60 62 
2 2 1 50 48 
8 2 1 90 99 
5 2 1 70 75 
2 2 1 70 68 
6 2 1 90 96 
8 2 1 100 110 
5 2 1 80 83 
2 2 1 90 92 
6 2 1 100 109 
5 2 1 100 103 
4 2 1 100 101 


# From 1 to 2
2 2 3 20 13 
1 2 3 20 12 
2 2 3 30 24 
1 2 3 30 23 
8 2 3 30 33 
2 2 3 40 37 
7 2 3 30 31 
1 2 3 40 36 
8 2 3 40 44 
5 2 3 60 63 
2 2 3 50 47 
4 2 3 30 26 
7 2 3 40 42 
1 2 3 60 56 
8 2 3 60 66 
5 2 3 70 76 
2 2 3 60 57 
4 2 3 40 40 
7 2 3 60 64 
1 2 3 70 67 
8 2 3 80 87 
5 2 3 80 83 
2 2 3 70 69 
4 2 3 60 61 
7 2 3 80 86 
1 2 3 80 78 
8 2 3 90 99 
5 2 3 100 103 
2 2 3 90 92 
4 2 3 70 71 
7 2 3 90 97 
1 2 3 90 89 
6 2 3 100 106 
4 2 3 100 102 
4 2 3 80 81 


# From 1 to 3
2 2 4 10 2 
2 2 4 20 14 
2 2 4 30 24 
8 2 4 30 33 
2 2 4 50 47 
3 2 4 50 50 
8 2 4 40 43 
2 2 4 60 57 
3 2 4 60 59 
1 2 4 40 35 
8 2 4 60 66 
7 2 4 60 64 
2 2 4 70 68 
3 2 4 90 93 
1 2 4 60 56 
8 2 4 80 87 
7 2 4 80 86 
1 2 4 80 79 
2 2 4 90 92 
3 2 4 100 100 
8 2 4 90 99 
7 2 4 90 97 
1 2 4 90 90 
5 2 4 100 103 
6 2 4 100 107 


# From 1 to 4
2 2 5 20 13 
1 2 5 20 12 
2 2 5 40 37 
3 2 5 20 17 
1 2 5 40 36 
2 2 5 50 48 
3 2 5 50 51 
1 2 5 50 45 
2 2 5 60 57 
3 2 5 60 60 
1 2 5 60 56 
7 2 5 60 65 
2 2 5 70 69 
3 2 5 90 94 
1 2 5 70 67 
7 2 5 80 86 
2 2 5 90 92 
3 2 5 100 100 
1 2 5 80 78 
7 2 5 90 97 
8 2 5 90 98 
1 2 5 90 89 


# From 1 to 5
2 2 6 10 2 
4 2 6 40 39 
2 2 6 20 15 
4 2 6 50 54 
2 2 6 30 24 
4 2 6 70 72 
8 2 6 30 33 
2 2 6 50 47 
4 2 6 80 82 
3 2 6 40 38 
8 2 6 40 43 
3 2 6 50 52 
2 2 6 60 57 
4 2 6 100 102 
1 2 6 40 35 
8 2 6 80 87 
3 2 6 60 59 
7 2 6 60 64 
2 2 6 70 68 
1 2 6 50 45 
1 2 6 80 79 
8 2 6 90 99 
3 2 6 90 93 
7 2 6 80 86 
2 2 6 90 92 
1 2 6 60 56 
1 2 6 90 91 
3 2 6 100 100 
7 2 6 90 97 
5 2 6 100 103 


# From 1 to 6
2 2 7 10 2 
4 2 7 30 25 
2 2 7 20 16 
1 2 7 30 23 
4 2 7 40 40 
2 2 7 30 24 
1 2 7 40 35 
4 2 7 70 73 
8 2 7 30 33 
2 2 7 50 47 
1 2 7 50 45 
4 2 7 80 81 
3 2 7 40 38 
8 2 7 40 43 
3 2 7 50 50 
2 2 7 60 57 
1 2 7 60 56 
5 2 7 80 84 
4 2 7 90 95 
8 2 7 60 66 
3 2 7 60 59 
2 2 7 70 70 
1 2 7 70 67 
5 2 7 100 104 
4 2 7 100 102 
8 2 7 80 87 
3 2 7 80 80 
2 2 7 90 92 
5 2 7 70 76 
1 2 7 80 78 
6 2 7 100 108 
8 2 7 90 98 
3 2 7 90 93 
1 2 7 90 90 
3 2 7 100 100 


# From 1 to 7
2 2 8 30 24 
2 2 8 50 49 
2 2 8 60 57 
7 2 8 60 64 
2 2 8 90 92 
3 2 8 60 59 
7 2 8 80 85 
4 2 8 70 74 
3 2 8 80 80 
7 2 8 90 97 
4 2 8 80 82 
3 2 8 90 93 
6 2 8 100 109 
4 2 8 100 102 
3 2 8 100 100 
5 2 8 100 103 


# From 2 to 0
3 3 1 10 3 
3 3 1 20 17 
5 3 1 30 27 
3 3 1 40 38 
5 3 1 60 62 
3 3 1 50 51 
5 3 1 70 75 
3 3 1 60 60 
2 3 1 70 68 
5 3 1 80 83 
3 3 1 90 93 
2 3 1 90 92 
5 3 1 100 103 
4 3 1 100 101 
3 3 1 100 100 
8 3 1 90 99 
6 3 1 90 96 
8 3 1 100 110 
6 3 1 100 109 


# From 2 to 1
3 3 2 10 4 
3 3 2 20 18 
7 3 2 20 22 
3 3 2 40 38 
7 3 2 30 30 
1 3 2 40 34 
3 3 2 50 53 
7 3 2 40 42 
1 3 2 50 45 
8 3 2 60 66 
3 3 2 60 58 
7 3 2 60 64 
1 3 2 60 56 
8 3 2 80 88 
3 3 2 80 80 
7 3 2 80 85 
1 3 2 70 67 
8 3 2 90 99 
3 3 2 90 93 
7 3 2 90 97 
5 3 2 70 75 
1 3 2 80 78 
6 3 2 100 105 
4 3 2 90 95 
3 3 2 100 100 
5 3 2 80 84 
1 3 2 90 90 
4 3 2 100 102 
5 3 2 100 103 


# From 2 to 3
3 3 4 10 4 
2 3 4 10 2 
3 3 4 50 50 
2 3 4 20 14 
3 3 4 60 59 
2 3 4 30 24 
3 3 4 90 93 
8 3 4 30 33 
2 3 4 50 47 
3 3 4 100 100 
8 3 4 40 43 
2 3 4 60 57 
5 3 4 100 103 
1 3 4 40 35 
8 3 4 60 66 
7 3 4 60 64 
2 3 4 70 68 
1 3 4 60 56 
8 3 4 80 87 
7 3 4 80 86 
1 3 4 80 79 
2 3 4 90 92 
8 3 4 90 99 
7 3 4 90 97 
1 3 4 90 90 
6 3 4 100 107 


# From 2 to 4
3 3 5 20 17 
3 3 5 50 51 
3 3 5 60 60 
3 3 5 90 94 
3 3 5 100 100 


# From 2 to 5
3 3 6 10 5 
3 3 6 20 18 
7 3 6 20 22 
3 3 6 40 38 
2 3 6 20 15 
7 3 6 30 32 
1 3 6 40 35 
3 3 6 50 52 
2 3 6 30 24 
7 3 6 40 42 
4 3 6 40 39 
1 3 6 50 45 
3 3 6 60 59 
8 3 6 30 33 
2 3 6 50 47 
7 3 6 60 64 
4 3 6 50 54 
1 3 6 60 56 
4 3 6 70 72 
3 3 6 90 93 
8 3 6 40 43 
2 3 6 60 57 
7 3 6 80 86 
1 3 6 80 79 
4 3 6 80 82 
4 3 6 100 102 
3 3 6 100 100 
8 3 6 80 87 
2 3 6 70 68 
7 3 6 90 97 
1 3 6 90 91 
5 3 6 100 103 
8 3 6 90 99 
2 3 6 90 92 


# From 2 to 6
3 3 7 10 3 
1 3 7 30 23 
3 3 7 20 18 
1 3 7 40 35 
3 3 7 40 38 
4 3 7 40 40 
1 3 7 50 45 
3 3 7 50 50 
4 3 7 70 73 
2 3 7 50 47 
1 3 7 60 56 
3 3 7 60 59 
4 3 7 80 81 
2 3 7 60 57 
1 3 7 70 67 
3 3 7 80 80 
5 3 7 80 84 
4 3 7 90 95 
2 3 7 70 70 
5 3 7 70 76 
1 3 7 80 78 
3 3 7 90 93 
5 3 7 100 104 
4 3 7 100 102 
2 3 7 90 92 
1 3 7 90 90 
3 3 7 100 100 
6 3 7 100 108 
8 3 7 90 98 


# From 2 to 7
3 3 8 10 4 
2 3 8 30 24 
3 3 8 20 18 
2 3 8 50 49 
7 3 8 20 22 
3 3 8 50 53 
2 3 8 60 57 
7 3 8 30 32 
3 3 8 60 59 
7 3 8 60 64 
2 3 8 90 92 
6 3 8 40 41 
7 3 8 40 42 
4 3 8 70 74 
3 3 8 80 80 
7 3 8 80 85 
6 3 8 50 55 
4 3 8 80 82 
3 3 8 90 93 
7 3 8 90 97 
6 3 8 100 109 
4 3 8 100 102 
3 3 8 100 100 
5 3 8 100 103 


# From 3 to 0
4 4 1 30 25 
4 4 1 40 39 
6 4 1 40 41 
4 4 1 60 61 
8 4 1 40 43 
6 4 1 50 55 
5 4 1 60 62 
4 4 1 70 74 
8 4 1 80 87 
3 4 1 50 51 
6 4 1 90 96 
5 4 1 70 75 
4 4 1 80 82 
8 4 1 90 99 
3 4 1 60 60 
6 4 1 100 109 
2 4 1 70 68 
5 4 1 80 83 
4 4 1 100 101 
8 4 1 100 110 
3 4 1 90 93 
2 4 1 90 92 
5 4 1 100 103 
3 4 1 100 100 


# From 3 to 1
4 4 2 30 25 
1 4 2 40 34 
4 4 2 40 40 
1 4 2 50 45 
7 4 2 40 42 
4 4 2 50 54 
1 4 2 60 56 
7 4 2 60 64 
6 4 2 50 55 
4 4 2 60 61 
3 4 2 60 58 
1 4 2 70 67 
7 4 2 80 85 
3 4 2 50 53 
6 4 2 70 77 
5 4 2 60 63 
4 4 2 70 71 
3 4 2 80 80 
5 4 2 70 75 
1 4 2 80 78 
7 4 2 90 97 
8 4 2 60 66 
6 4 2 100 105 
4 4 2 80 81 
3 4 2 90 93 
5 4 2 80 84 
1 4 2 90 90 
8 4 2 80 88 
4 4 2 90 95 
3 4 2 100 100 
5 4 2 100 103 
8 4 2 90 99 
4 4 2 100 102 


# From 3 to 2
4 4 3 30 26 
4 4 3 40 40 
7 4 3 40 42 
4 4 3 60 61 
2 4 3 40 37 
7 4 3 60 64 
5 4 3 60 63 
4 4 3 70 71 
2 4 3 50 47 
7 4 3 80 86 
5 4 3 70 76 
4 4 3 80 81 
2 4 3 60 57 
7 4 3 90 97 
5 4 3 80 83 
4 4 3 100 102 
2 4 3 70 69 
2 4 3 90 92 
1 4 3 80 78 
5 4 3 100 103 
6 4 3 100 106 
8 4 3 90 99 
1 4 3 90 89 


# From 3 to 4
4 4 5 30 26 
3 4 5 50 51 
4 4 5 60 61 
3 4 5 60 60 
4 4 5 70 71 
3 4 5 90 94 
4 4 5 80 81 
3 4 5 100 100 
4 4 5 100 102 
6 4 5 100 108 


# From 3 to 5
4 4 6 40 39 
4 4 6 50 54 
4 4 6 70 72 
4 4 6 80 82 
4 4 6 100 102 


# From 3 to 6
4 4 7 30 25 
1 4 7 30 23 
4 4 7 40 40 
1 4 7 40 35 
4 4 7 70 73 
1 4 7 50 45 
4 4 7 80 81 
2 4 7 50 47 
1 4 7 60 56 
5 4 7 80 84 
4 4 7 90 95 
3 4 7 50 50 
2 4 7 60 57 
3 4 7 60 59 
1 4 7 70 67 
5 4 7 100 104 
4 4 7 100 102 
2 4 7 70 70 
3 4 7 80 80 
5 4 7 70 76 
1 4 7 80 78 
6 4 7 100 108 
2 4 7 90 92 
3 4 7 90 93 
1 4 7 90 90 
8 4 7 90 98 
3 4 7 100 100 


# From 3 to 7
4 4 8 40 39 
6 4 8 40 41 
4 4 8 70 74 
6 4 8 50 55 
4 4 8 80 82 
3 4 8 50 53 
6 4 8 100 109 
4 4 8 100 102 
3 4 8 60 59 
3 4 8 80 80 
7 4 8 80 85 
3 4 8 90 93 
2 4 8 90 92 
7 4 8 90 97 
3 4 8 100 100 
5 4 8 100 103 


# From 4 to 0
5 5 1 10 6 
7 5 1 10 8 
5 5 1 30 27 
3 5 1 10 3 
7 5 1 20 22 
5 5 1 60 62 
3 5 1 20 17 
2 5 1 20 13 
7 5 1 30 30 
5 5 1 70 75 
3 5 1 40 38 
2 5 1 30 24 
7 5 1 40 42 
2 5 1 70 68 
5 5 1 80 83 
3 5 1 50 51 
8 5 1 40 43 
2 5 1 40 37 
7 5 1 60 65 
2 5 1 90 92 
5 5 1 100 103 
3 5 1 60 60 
8 5 1 80 87 
2 5 1 50 48 
7 5 1 80 86 
8 5 1 90 99 
4 5 1 100 101 
3 5 1 90 93 
7 5 1 90 97 
6 5 1 90 96 
8 5 1 100 110 
3 5 1 100 100 
6 5 1 100 109 


# From 4 to 1
5 5 2 10 6 
7 5 2 10 8 
5 5 2 20 19 
3 5 2 10 4 
7 5 2 20 22 
5 5 2 30 28 
3 5 2 20 18 
7 5 2 30 30 
5 5 2 60 63 
3 5 2 40 38 
1 5 2 40 34 
7 5 2 40 42 
3 5 2 60 58 
5 5 2 70 75 
3 5 2 50 53 
1 5 2 50 45 
7 5 2 60 64 
3 5 2 80 80 
5 5 2 80 84 
8 5 2 60 66 
1 5 2 60 56 
7 5 2 80 85 
3 5 2 90 93 
5 5 2 100 103 
8 5 2 80 88 
1 5 2 70 67 
7 5 2 90 97 
4 5 2 90 95 
3 5 2 100 100 
4 5 2 100 102 
8 5 2 90 99 
1 5 2 80 78 
6 5 2 100 105 
1 5 2 90 90 


# From 4 to 2
5 5 3 10 6 
7 5 3 10 8 
5 5 3 20 19 
7 5 3 20 22 
5 5 3 30 29 
2 5 3 20 13 
7 5 3 30 31 
4 5 3 30 26 
5 5 3 60 63 
1 5 3 20 12 
2 5 3 30 24 
7 5 3 40 42 
4 5 3 40 40 
5 5 3 70 76 
1 5 3 30 23 
8 5 3 30 33 
2 5 3 40 37 
7 5 3 60 64 
4 5 3 60 61 
5 5 3 80 83 
1 5 3 40 36 
8 5 3 40 44 
2 5 3 50 47 
7 5 3 80 86 
4 5 3 70 71 
1 5 3 80 78 
5 5 3 100 103 
1 5 3 60 56 
8 5 3 60 66 
2 5 3 60 57 
7 5 3 90 97 
4 5 3 80 81 
1 5 3 90 89 
4 5 3 100 102 
1 5 3 70 67 
8 5 3 80 87 
2 5 3 70 69 
2 5 3 90 92 
6 5 3 100 106 
8 5 3 90 99 


# From 4 to 3
5 5 4 10 6 
7 5 4 10 8 
5 5 4 20 19 
3 5 4 10 4 
7 5 4 20 22 
5 5 4 30 29 
2 5 4 10 2 
3 5 4 50 50 
2 5 4 20 14 
7 5 4 30 31 
5 5 4 60 63 
3 5 4 60 59 
2 5 4 30 24 
7 5 4 40 42 
5 5 4 70 76 
3 5 4 90 93 
8 5 4 30 33 
2 5 4 50 47 
7 5 4 60 64 
5 5 4 80 83 
3 5 4 100 100 
8 5 4 40 43 
2 5 4 60 57 
7 5 4 80 86 
1 5 4 80 79 
5 5 4 100 103 
1 5 4 40 35 
8 5 4 60 66 
2 5 4 70 68 
7 5 4 90 97 
1 5 4 90 90 
1 5 4 60 56 
8 5 4 80 87 
2 5 4 90 92 
8 5 4 90 99 
6 5 4 100 107 


# From 4 to 5
5 5 6 10 6 
7 5 6 10 8 
5 5 6 20 19 
3 5 6 10 5 
7 5 6 20 22 
5 5 6 30 29 
3 5 6 20 18 
2 5 6 20 15 
7 5 6 30 32 
4 5 6 40 39 
5 5 6 60 63 
3 5 6 40 38 
2 5 6 30 24 
7 5 6 40 42 
4 5 6 50 54 
3 5 6 60 59 
5 5 6 80 83 
1 5 6 40 35 
3 5 6 50 52 
8 5 6 30 33 
2 5 6 50 47 
7 5 6 60 64 
4 5 6 70 72 
3 5 6 90 93 
1 5 6 80 79 
5 5 6 100 103 
1 5 6 50 45 
8 5 6 40 43 
2 5 6 60 57 
7 5 6 80 86 
4 5 6 80 82 
4 5 6 100 102 
3 5 6 100 100 
1 5 6 90 91 
1 5 6 60 56 
8 5 6 80 87 
2 5 6 70 68 
7 5 6 90 97 
8 5 6 90 99 
2 5 6 90 92 


# From 4 to 6
5 5 7 10 6 
5 5 7 20 19 
5 5 7 30 27 
1 5 7 30 23 
5 5 7 60 63 
1 5 7 40 35 
3 5 7 60 59 
5 5 7 70 76 
4 5 7 40 40 
1 5 7 50 45 
4 5 7 70 73 
3 5 7 80 80 
5 5 7 80 84 
2 5 7 50 47 
1 5 7 60 56 
4 5 7 80 81 
3 5 7 90 93 
5 5 7 100 104 
3 5 7 50 50 
2 5 7 60 57 
1 5 7 70 67 
4 5 7 90 95 
3 5 7 100 100 
2 5 7 70 70 
1 5 7 80 78 
4 5 7 100 102 
2 5 7 90 92 
1 5 7 90 90 
6 5 7 100 108 
8 5 7 90 98 


# From 4 to 7
5 5 8 10 6 
7 5 8 10 8 
5 5 8 20 19 
3 5 8 10 4 
7 5 8 20 22 
5 5 8 30 28 
2 5 8 30 24 
3 5 8 20 18 
7 5 8 30 32 
5 5 8 60 63 
2 5 8 50 49 
3 5 8 50 53 
6 5 8 40 41 
7 5 8 40 42 
3 5 8 60 59 
5 5 8 70 75 
2 5 8 60 57 
6 5 8 50 55 
7 5 8 60 64 
4 5 8 70 74 
3 5 8 80 80 
2 5 8 90 92 
5 5 8 80 83 
6 5 8 100 109 
7 5 8 80 85 
4 5 8 80 82 
3 5 8 90 93 
1 5 8 90 91 
5 5 8 100 103 
7 5 8 90 97 
4 5 8 100 102 
3 5 8 100 100 


# From 5 to 0
6 6 1 10 7 
5 6 1 10 6 
6 6 1 20 20 
7 6 1 10 8 
5 6 1 30 27 
6 6 1 40 41 
3 6 1 10 3 
7 6 1 20 22 
5 6 1 60 62 
8 6 1 40 43 
6 6 1 50 55 
3 6 1 20 17 
2 6 1 20 13 
7 6 1 30 30 
5 6 1 70 75 
8 6 1 80 87 
3 6 1 50 51 
6 6 1 90 96 
3 6 1 40 38 
2 6 1 30 24 
7 6 1 40 42 
2 6 1 70 68 
5 6 1 80 83 
8 6 1 90 99 
3 6 1 60 60 
6 6 1 100 109 
2 6 1 40 37 
7 6 1 60 65 
2 6 1 90 92 
5 6 1 100 103 
8 6 1 100 110 
3 6 1 90 93 
2 6 1 50 48 
7 6 1 80 86 
4 6 1 100 101 
3 6 1 100 100 
7 6 1 90 97 


# From 5 to 1
6 6 2 10 7 
5 6 2 10 6 
6 6 2 20 20 
7 6 2 10 8 
5 6 2 20 19 
1 6 2 40 34 
6 6 2 40 41 
3 6 2 10 4 
7 6 2 20 22 
5 6 2 30 28 
1 6 2 50 45 
8 6 2 40 43 
6 6 2 50 55 
3 6 2 20 18 
7 6 2 30 30 
5 6 2 60 63 
1 6 2 60 56 
8 6 2 60 66 
3 6 2 50 53 
6 6 2 70 77 
3 6 2 40 38 
7 6 2 40 42 
3 6 2 60 58 
5 6 2 70 75 
1 6 2 70 67 
8 6 2 80 88 
7 6 2 80 85 
6 6 2 100 105 
7 6 2 60 64 
3 6 2 80 80 
5 6 2 80 84 
1 6 2 80 78 
8 6 2 90 99 
7 6 2 90 97 
3 6 2 90 93 
5 6 2 100 103 
1 6 2 90 90 
4 6 2 90 95 
3 6 2 100 100 
4 6 2 100 102 


# From 5 to 2
6 6 3 10 7 
5 6 3 10 6 
6 6 3 20 20 
7 6 3 10 8 
5 6 3 20 19 
1 6 3 20 12 
6 6 3 40 41 
7 6 3 20 22 
5 6 3 30 29 
1 6 3 30 23 
8 6 3 40 44 
6 6 3 50 55 
2 6 3 20 13 
7 6 3 30 31 
4 6 3 30 26 
5 6 3 60 63 
1 6 3 40 36 
8 6 3 60 66 
6 6 3 70 77 
2 6 3 30 24 
7 6 3 40 42 
4 6 3 40 40 
5 6 3 70 76 
1 6 3 60 56 
2 6 3 60 57 
8 6 3 80 87 
7 6 3 80 86 
6 6 3 100 106 
8 6 3 30 33 
2 6 3 40 37 
7 6 3 60 64 
4 6 3 60 61 
5 6 3 80 83 
1 6 3 70 67 
2 6 3 70 69 
1 6 3 80 78 
8 6 3 90 99 
7 6 3 90 97 
2 6 3 50 47 
4 6 3 70 71 
5 6 3 100 103 
2 6 3 90 92 
1 6 3 90 89 
4 6 3 80 81 
4 6 3 100 102 


# From 5 to 3
6 6 4 10 7 
5 6 4 10 6 
6 6 4 20 21 
7 6 4 10 8 
5 6 4 20 19 
6 6 4 40 41 
3 6 4 10 4 
7 6 4 20 22 
5 6 4 30 29 
8 6 4 40 43 
6 6 4 50 55 
2 6 4 10 2 
3 6 4 50 50 
2 6 4 20 14 
7 6 4 30 31 
5 6 4 60 63 
1 6 4 40 35 
8 6 4 60 66 
6 6 4 100 107 
3 6 4 60 59 
2 6 4 30 24 
7 6 4 40 42 
5 6 4 70 76 
1 6 4 60 56 
2 6 4 60 57 
8 6 4 80 87 
3 6 4 90 93 
8 6 4 30 33 
2 6 4 50 47 
7 6 4 60 64 
5 6 4 80 83 
1 6 4 80 79 
2 6 4 70 68 
8 6 4 90 99 
3 6 4 100 100 
7 6 4 80 86 
5 6 4 100 103 
1 6 4 90 90 
2 6 4 90 92 
7 6 4 90 97 


# From 5 to 4
6 6 5 10 7 
6 6 5 20 20 
1 6 5 20 12 
6 6 5 40 41 
3 6 5 20 17 
1 6 5 40 36 
8 6 5 40 44 
6 6 5 50 55 
3 6 5 50 51 
1 6 5 50 45 
8 6 5 60 66 
6 6 5 70 77 
3 6 5 60 60 
2 6 5 50 48 
1 6 5 60 56 
2 6 5 60 57 
8 6 5 80 87 
7 6 5 80 86 
6 6 5 100 108 
3 6 5 90 94 
1 6 5 70 67 
7 6 5 60 65 
2 6 5 70 69 
1 6 5 80 78 
8 6 5 90 98 
7 6 5 90 97 
3 6 5 100 100 
2 6 5 90 92 
1 6 5 90 89 


# From 5 to 6
6 6 7 10 7 
5 6 7 10 6 
6 6 7 20 20 
5 6 7 20 19 
1 6 7 30 23 
6 6 7 40 41 
5 6 7 30 27 
1 6 7 40 35 
8 6 7 40 43 
6 6 7 50 55 
5 6 7 60 63 
4 6 7 40 40 
1 6 7 50 45 
8 6 7 60 66 
3 6 7 50 50 
6 6 7 70 77 
3 6 7 60 59 
5 6 7 70 76 
4 6 7 70 73 
2 6 7 50 47 
1 6 7 60 56 
2 6 7 60 57 
8 6 7 80 87 
6 6 7 90 96 
3 6 7 80 80 
5 6 7 80 84 
4 6 7 80 81 
1 6 7 70 67 
2 6 7 70 70 
1 6 7 80 78 
8 6 7 90 98 
1 6 7 90 90 
6 6 7 100 108 
3 6 7 90 93 
5 6 7 100 104 
4 6 7 90 95 
2 6 7 90 92 
3 6 7 100 100 
4 6 7 100 102 


# From 5 to 7
6 6 8 10 7 
5 6 8 10 6 
6 6 8 40 41 
7 6 8 10 8 
5 6 8 20 19 
6 6 8 50 55 
3 6 8 10 4 
7 6 8 20 22 
5 6 8 30 28 
3 6 8 50 53 
6 6 8 100 109 
2 6 8 30 24 
3 6 8 20 18 
7 6 8 30 32 
5 6 8 60 63 
3 6 8 60 59 
2 6 8 50 49 
7 6 8 40 42 
5 6 8 70 75 
4 6 8 70 74 
3 6 8 80 80 
2 6 8 60 57 
7 6 8 60 64 
2 6 8 90 92 
5 6 8 80 83 
4 6 8 80 82 
7 6 8 80 85 
3 6 8 90 93 
1 6 8 90 91 
5 6 8 100 103 
4 6 8 100 102 
7 6 8 90 97 
3 6 8 100 100 


# From 6 to 0
7 7 1 10 8 
3 7 1 10 3 
7 7 1 20 22 
3 7 1 20 17 
2 7 1 20 13 
7 7 1 30 30 
5 7 1 30 27 
3 7 1 40 38 
2 7 1 30 24 
7 7 1 40 42 
5 7 1 60 62 
3 7 1 50 51 
8 7 1 40 43 
2 7 1 40 37 
7 7 1 60 65 
5 7 1 70 75 
3 7 1 60 60 
8 7 1 80 87 
2 7 1 50 48 
7 7 1 80 86 
2 7 1 70 68 
5 7 1 80 83 
3 7 1 90 93 
8 7 1 90 99 
7 7 1 90 97 
2 7 1 90 92 
5 7 1 100 103 
4 7 1 100 101 
3 7 1 100 100 
6 7 1 90 96 
8 7 1 100 110 
6 7 1 100 109 


# From 6 to 1
7 7 2 10 8 
3 7 2 10 4 
7 7 2 20 22 
3 7 2 20 18 
7 7 2 30 30 
3 7 2 40 38 
1 7 2 40 34 
7 7 2 40 42 
3 7 2 50 53 
1 7 2 50 45 
7 7 2 60 64 
8 7 2 60 66 
3 7 2 60 58 
1 7 2 60 56 
7 7 2 80 85 
8 7 2 80 88 
3 7 2 80 80 
1 7 2 70 67 
7 7 2 90 97 
8 7 2 90 99 
3 7 2 90 93 
5 7 2 70 75 
1 7 2 80 78 
6 7 2 100 105 
4 7 2 90 95 
3 7 2 100 100 
5 7 2 80 84 
1 7 2 90 90 
4 7 2 100 102 
5 7 2 100 103 


# From 6 to 2
7 7 3 10 8 
7 7 3 20 22 
2 7 3 20 13 
7 7 3 30 31 
1 7 3 20 12 
2 7 3 30 24 
4 7 3 30 26 
7 7 3 40 42 
1 7 3 30 23 
8 7 3 30 33 
2 7 3 40 37 
4 7 3 40 40 
7 7 3 60 64 
1 7 3 40 36 
8 7 3 40 44 
5 7 3 60 63 
2 7 3 50 47 
4 7 3 60 61 
7 7 3 80 86 
1 7 3 60 56 
8 7 3 60 66 
5 7 3 70 76 
2 7 3 60 57 
4 7 3 70 71 
7 7 3 90 97 
1 7 3 70 67 
8 7 3 80 87 
5 7 3 80 83 
2 7 3 70 69 
4 7 3 80 81 
2 7 3 90 92 
1 7 3 80 78 
8 7 3 90 99 
5 7 3 100 103 
4 7 3 100 102 
1 7 3 90 89 
6 7 3 100 106 


# From 6 to 3
7 7 4 10 8 
3 7 4 10 4 
7 7 4 20 22 
2 7 4 10 2 
3 7 4 50 50 
2 7 4 20 14 
7 7 4 30 31 
3 7 4 60 59 
2 7 4 30 24 
7 7 4 40 42 
3 7 4 90 93 
8 7 4 30 33 
2 7 4 50 47 
7 7 4 60 64 
3 7 4 100 100 
8 7 4 40 43 
2 7 4 60 57 
7 7 4 80 86 
5 7 4 100 103 
1 7 4 40 35 
8 7 4 60 66 
2 7 4 70 68 
7 7 4 90 97 
1 7 4 60 56 
8 7 4 80 87 
1 7 4 80 79 
2 7 4 90 92 
8 7 4 90 99 
1 7 4 90 90 
6 7 4 100 107 


# From 6 to 4
7 7 5 10 9 
7 7 5 20 22 
2 7 5 20 13 
7 7 5 30 30 
1 7 5 20 12 
2 7 5 40 37 
1 7 5 40 36 
7 7 5 40 42 
3 7 5 20 17 
2 7 5 50 48 
1 7 5 50 45 
7 7 5 60 65 
3 7 5 50 51 
2 7 5 60 57 
1 7 5 60 56 
7 7 5 80 86 
3 7 5 60 60 
2 7 5 70 69 
1 7 5 70 67 
3 7 5 90 94 
7 7 5 90 97 
2 7 5 90 92 
1 7 5 80 78 
3 7 5 100 100 
8 7 5 90 98 
1 7 5 90 89 


# From 6 to 5
7 7 6 10 8 
3 7 6 10 5 
7 7 6 20 22 
3 7 6 20 18 
2 7 6 20 15 
7 7 6 30 32 
3 7 6 40 38 
2 7 6 30 24 
7 7 6 40 42 
1 7 6 40 35 
3 7 6 50 52 
8 7 6 30 33 
2 7 6 50 47 
7 7 6 60 64 
4 7 6 40 39 
1 7 6 50 45 
3 7 6 60 59 
8 7 6 40 43 
2 7 6 60 57 
7 7 6 80 86 
4 7 6 50 54 
1 7 6 60 56 
4 7 6 70 72 
3 7 6 90 93 
8 7 6 80 87 
2 7 6 70 68 
7 7 6 90 97 
1 7 6 80 79 
4 7 6 80 82 
4 7 6 100 102 
3 7 6 100 100 
8 7 6 90 99 
2 7 6 90 92 
1 7 6 90 91 
5 7 6 100 103 


# From 6 to 7
7 7 8 10 8 
3 7 8 10 4 
7 7 8 20 22 
2 7 8 30 24 
3 7 8 20 18 
7 7 8 30 32 
2 7 8 50 49 
3 7 8 50 53 
6 7 8 40 41 
7 7 8 40 42 
2 7 8 60 57 
3 7 8 60 59 
6 7 8 50 55 
7 7 8 60 64 
2 7 8 90 92 
4 7 8 70 74 
3 7 8 80 80 
6 7 8 100 109 
7 7 8 80 85 
4 7 8 80 82 
3 7 8 90 93 
7 7 8 90 97 
4 7 8 100 102 
3 7 8 100 100 
5 7 8 100 103 


# From 7 to 0
8 8 1 10 10 
3 8 1 10 3 
8 8 1 40 43 
3 8 1 20 17 
8 8 1 80 87 
5 8 1 30 27 
3 8 1 40 38 
8 8 1 90 99 
5 8 1 60 62 
3 8 1 50 51 
6 8 1 90 96 
8 8 1 100 110 
5 8 1 70 75 
3 8 1 60 60 
6 8 1 100 109 
2 8 1 70 68 
5 8 1 80 83 
3 8 1 90 93 
2 8 1 90 92 
5 8 1 100 103 
4 8 1 100 101 
3 8 1 100 100 


# From 7 to 1
8 8 2 10 10 
3 8 2 10 4 
8 8 2 40 43 
3 8 2 20 18 
1 8 2 40 34 
8 8 2 60 66 
7 8 2 20 22 
3 8 2 40 38 
1 8 2 50 45 
8 8 2 80 88 
7 8 2 30 30 
3 8 2 50 53 
1 8 2 60 56 
8 8 2 90 99 
7 8 2 40 42 
3 8 2 60 58 
1 8 2 70 67 
6 8 2 100 105 
7 8 2 60 64 
3 8 2 80 80 
5 8 2 70 75 
1 8 2 80 78 
7 8 2 80 85 
3 8 2 90 93 
5 8 2 80 84 
1 8 2 90 90 
7 8 2 90 97 
4 8 2 90 95 
3 8 2 100 100 
5 8 2 100 103 
4 8 2 100 102 


# From 7 to 2
8 8 3 10 10 
8 8 3 30 33 
8 8 3 40 44 
5 8 3 60 63 
8 8 3 60 66 
5 8 3 70 76 
2 8 3 60 57 
8 8 3 80 87 
5 8 3 80 83 
7 8 3 60 64 
2 8 3 70 69 
1 8 3 80 78 
8 8 3 90 99 
5 8 3 100 103 
7 8 3 80 86 
2 8 3 90 92 
1 8 3 90 89 
6 8 3 100 106 
4 8 3 100 102 
7 8 3 90 97 


# From 7 to 3
8 8 4 10 11 
8 8 4 30 33 
3 8 4 50 50 
8 8 4 40 43 
3 8 4 60 59 
1 8 4 40 35 
8 8 4 60 66 
3 8 4 90 93 
1 8 4 60 56 
2 8 4 60 57 
8 8 4 80 87 
3 8 4 100 100 
1 8 4 80 79 
7 8 4 60 64 
2 8 4 70 68 
8 8 4 90 99 
5 8 4 100 103 
1 8 4 90 90 
7 8 4 80 86 
2 8 4 90 92 
6 8 4 100 107 
7 8 4 90 97 


# From 7 to 4
8 8 5 10 10 
3 8 5 20 17 
8 8 5 30 33 
3 8 5 50 51 
8 8 5 40 44 
3 8 5 60 60 
8 8 5 60 66 
3 8 5 90 94 
2 8 5 60 57 
8 8 5 80 87 
3 8 5 100 100 
7 8 5 60 65 
2 8 5 70 69 
1 8 5 80 78 
8 8 5 90 98 
7 8 5 80 86 
2 8 5 90 92 
1 8 5 90 89 
7 8 5 90 97 


# From 7 to 5
8 8 6 10 11 
4 8 6 40 39 
8 8 6 30 33 
4 8 6 50 54 
3 8 6 40 38 
8 8 6 40 43 
4 8 6 70 72 
1 8 6 40 35 
3 8 6 50 52 
8 8 6 80 87 
4 8 6 80 82 
1 8 6 50 45 
3 8 6 60 59 
1 8 6 80 79 
8 8 6 90 99 
4 8 6 100 102 
2 8 6 50 47 
1 8 6 60 56 
3 8 6 90 93 
1 8 6 90 91 
2 8 6 60 57 
3 8 6 100 100 
7 8 6 60 64 
2 8 6 70 68 
5 8 6 100 103 
7 8 6 80 86 
2 8 6 90 92 
7 8 6 90 97 


# From 7 to 6
8 8 7 10 10 
3 8 7 10 3 
8 8 7 30 33 
1 8 7 30 23 
3 8 7 20 18 
3 8 7 40 38 
8 8 7 40 43 
1 8 7 40 35 
3 8 7 50 50 
8 8 7 60 66 
4 8 7 40 40 
1 8 7 50 45 
4 8 7 70 73 
3 8 7 60 59 
2 8 7 60 57 
8 8 7 80 87 
2 8 7 50 47 
1 8 7 60 56 
4 8 7 80 81 
3 8 7 80 80 
2 8 7 70 70 
1 8 7 80 78 
8 8 7 90 98 
1 8 7 70 67 
5 8 7 80 84 
4 8 7 90 95 
3 8 7 90 93 
2 8 7 90 92 
1 8 7 90 90 
5 8 7 100 104 
5 8 7 70 76 
4 8 7 100 102 
3 8 7 100 100 
6 8 7 100 108 


