m horizon  +0
a contact +27600 +27840 1 2 1
a contact +33240 +34080 1 2 1
a contact +39420 +40080 1 2 1
a contact +71460 +72060 1 2 1
a contact +77400 +78240 1 2 1
a contact +83640 +84000 1 2 1
a contact +117720 +118500 1 2 1
a contact +123720 +124500 1 2 1
a contact +155940 +156300 1 2 1
a contact +161820 +162660 1 2 1
a contact +167940 +168540 1 2 1
a contact +202200 +202800 1 2 1
a contact +208080 +208920 1 2 1
a contact +214440 +214740 1 2 1
a contact +246240 +247020 1 2 1
a contact +252300 +253020 1 2 1
a contact +286740 +287100 1 2 1
a contact +292500 +293340 1 2 1
a contact +298680 +299280 1 2 1
a contact +330660 +331380 1 2 1
a contact +336660 +337500 1 2 1
a contact +342960 +343080 1 2 1
a contact +376920 +377700 1 2 1
a contact +382980 +383700 1 2 1
a contact +415140 +415620 1 2 1
a contact +421020 +421860 1 2 1
a contact +427200 +427740 1 2 1
a contact +461340 +462060 1 2 1
a contact +467340 +468120 1 2 1
a contact +505440 +506280 1 2 1
a contact +511500 +512220 1 2 1
a contact +545880 +546420 1 2 1
a contact +551700 +552540 1 2 1
a contact +557940 +558480 1 2 1
a contact +589860 +590580 1 2 1
a contact +595860 +596700 1 2 1
