m horizon  +0
a contact +27420 +28020 1 2 1
a contact +33180 +34200 1 2 1
a contact +39300 +40200 1 2 1
a contact +71340 +72180 1 2 1
a contact +77340 +78360 1 2 1
a contact +83520 +84120 1 2 1
a contact +117600 +118560 1 2 1
a contact +123660 +124620 1 2 1
a contact +130200 +130320 1 2 1
a contact +155820 +156480 1 2 1
a contact +161760 +162720 1 2 1
a contact +167820 +168660 1 2 1
a contact +202080 +202920 1 2 1
a contact +208020 +208980 1 2 1
a contact +214320 +214920 1 2 1
a contact +240360 +240600 1 2 1
a contact +246120 +247080 1 2 1
a contact +252180 +253140 1 2 1
a contact +286560 +287280 1 2 1
a contact +292380 +293400 1 2 1
a contact +298560 +299400 1 2 1
a contact +330540 +331440 1 2 1
a contact +336540 +337560 1 2 1
a contact +342780 +343320 1 2 1
a contact +371160 +371520 1 2 1
a contact +376800 +377760 1 2 1
a contact +382860 +383820 1 2 1
a contact +415020 +415740 1 2 1
a contact +420960 +421980 1 2 1
a contact +427080 +427860 1 2 1
a contact +461280 +462180 1 2 1
a contact +467220 +468240 1 2 1
a contact +473580 +474060 1 2 1
a contact +499500 +499980 1 2 1
a contact +505380 +506340 1 2 1
a contact +511440 +512340 1 2 1
a contact +545760 +546480 1 2 1
a contact +551640 +552600 1 2 1
a contact +557820 +558600 1 2 1
a contact +589800 +590700 1 2 1
a contact +595800 +596760 1 2 1
a contact +602040 +602400 1 2 1
a contact +0 +604800 2 3 1
