a contact +0 +86400 2 1 1
a contact +0 +86400 1 2 1
a contact +0 +86400 4 1 1
a contact +0 +86400 1 4 1
a contact +0 +86400 6 1 1
a contact +0 +86400 1 6 1
a contact +0 +86400 8 1 1
a contact +0 +86400 1 8 1
a contact +0 +86400 10 1 1
a contact +0 +86400 1 10 1
a contact +0 +86400 12 1 1
a contact +0 +86400 1 12 1
a contact +0 +86400 14 1 1
a contact +0 +86400 1 14 1
a contact +0 +86400 16 1 1
a contact +0 +86400 1 16 1
a contact +0 +86400 18 1 1
a contact +0 +86400 1 18 1
a contact +0 +86400 20 1 1
a contact +0 +86400 1 20 1
a contact +0 +86400 22 1 1
a contact +0 +86400 1 22 1
a contact +0 +86400 24 1 1
a contact +0 +86400 1 24 1
a contact +0 +86400 26 1 1
a contact +0 +86400 1 26 1
a contact +0 +86400 30 1 1
a contact +0 +86400 1 30 1
a contact +0 +86400 32 1 1
a contact +0 +86400 1 32 1
a contact +0 +86400 34 1 1
a contact +0 +86400 1 34 1
a contact +0 +86400 36 1 1
a contact +0 +86400 1 36 1
a contact +0 +86400 38 1 1
a contact +0 +86400 1 38 1
a contact +0 +86400 40 1 1
a contact +0 +86400 1 40 1
a contact +0 +86400 42 1 1
a contact +0 +86400 1 42 1
a contact +4069 +4733 44 2 1
a contact +4069 +4733 2 44 1
a contact +10158 +10895 44 2 1
a contact +10158 +10895 2 44 1
a contact +16221 +16983 44 2 1
a contact +16221 +16983 2 44 1
a contact +22270 +22976 44 2 1
a contact +22270 +22976 2 44 1
a contact +28310 +28875 44 2 1
a contact +28310 +28875 2 44 1
a contact +34334 +34702 44 2 1
a contact +34334 +34702 2 44 1
a contact +40298 +40538 44 2 1
a contact +40298 +40538 2 44 1
a contact +46130 +46505 44 2 1
a contact +46130 +46505 2 44 1
a contact +51956 +52530 44 2 1
a contact +51956 +52530 2 44 1
a contact +57856 +58570 44 2 1
a contact +57856 +58570 2 44 1
a contact +63851 +64619 44 2 1
a contact +63851 +64619 2 44 1
a contact +69940 +70682 44 2 1
a contact +69940 +70682 2 44 1
a contact +76104 +76770 44 2 1
a contact +76104 +76770 2 44 1
a contact +82292 +82903 44 2 1
a contact +82292 +82903 2 44 1
a contact +15500 +15771 44 4 1
a contact +15500 +15771 4 44 1
a contact +21230 +21981 44 4 1
a contact +21230 +21981 4 44 1
a contact +27347 +27995 44 4 1
a contact +27347 +27995 4 44 1
a contact +58888 +59477 44 4 1
a contact +58888 +59477 4 44 1
a contact +64885 +65633 44 4 1
a contact +64885 +65633 4 44 1
a contact +71053 +71428 44 4 1
a contact +71053 +71428 4 44 1
a contact +24110 +24834 44 6 1
a contact +24110 +24834 6 44 1
a contact +30230 +30829 44 6 1
a contact +30230 +30829 6 44 1
a contact +62100 +62576 44 6 1
a contact +62100 +62576 6 44 1
a contact +68034 +68798 44 6 1
a contact +68034 +68798 6 44 1
a contact +74259 +74541 44 6 1
a contact +74259 +74541 6 44 1
a contact +0 +306 44 8 1
a contact +0 +306 8 44 1
a contact +5813 +6153 44 8 1
a contact +5813 +6153 8 44 1
a contact +38514 +38840 44 8 1
a contact +38514 +38840 8 44 1
a contact +44343 +45095 44 8 1
a contact +44343 +45095 8 44 1
a contact +84028 +84661 44 8 1
a contact +84028 +84661 8 44 1
a contact +29067 +29547 44 10 1
a contact +29067 +29547 10 44 1
a contact +35001 +35737 44 10 1
a contact +35001 +35737 10 44 1
a contact +75271 +75957 44 10 1
a contact +75271 +75957 10 44 1
a contact +81316 +81987 44 10 1
a contact +81316 +81987 10 44 1
a contact +5804 +6548 44 12 1
a contact +5804 +6548 12 44 1
a contact +12108 +12371 44 12 1
a contact +12108 +12371 12 44 1
a contact +44221 +44760 44 12 1
a contact +44221 +44760 12 44 1
a contact +50172 +50906 44 12 1
a contact +50172 +50906 12 44 1
a contact +1230 +1869 44 14 1
a contact +1230 +1869 14 44 1
a contact +7282 +8043 44 14 1
a contact +7282 +8043 14 44 1
a contact +13338 +14069 44 14 1
a contact +13338 +14069 14 44 1
a contact +19415 +19932 44 14 1
a contact +19415 +19932 14 44 1
a contact +43057 +43225 44 14 1
a contact +43057 +43225 14 44 1
a contact +48762 +49375 44 14 1
a contact +48762 +49375 14 44 1
a contact +54688 +55441 44 14 1
a contact +54688 +55441 14 44 1
a contact +60769 +61494 44 14 1
a contact +60769 +61494 14 44 1
a contact +66995 +67548 44 14 1
a contact +66995 +67548 14 44 1
a contact +73324 +73629 44 14 1
a contact +73324 +73629 14 44 1
a contact +79544 +79870 44 14 1
a contact +79544 +79870 14 44 1
a contact +85619 +86197 44 14 1
a contact +85619 +86197 14 44 1
a contact +10981 +11720 44 16 1
a contact +10981 +11720 16 44 1
a contact +17161 +17554 44 16 1
a contact +17161 +17554 16 44 1
a contact +51186 +51650 44 16 1
a contact +51186 +51650 16 44 1
a contact +57052 +57803 44 16 1
a contact +57052 +57803 16 44 1
a contact +8232 +8530 44 18 1
a contact +8232 +8530 18 44 1
a contact +14058 +14817 44 18 1
a contact +14058 +14817 18 44 1
a contact +54036 +54653 44 18 1
a contact +54036 +54653 18 44 1
a contact +60043 +60702 44 18 1
a contact +60043 +60702 18 44 1
a contact +1180 +1922 44 20 1
a contact +1180 +1922 20 44 1
a contact +7238 +8001 44 20 1
a contact +7238 +8001 20 44 1
a contact +13292 +13956 44 20 1
a contact +13292 +13956 20 44 1
a contact +19359 +19778 44 20 1
a contact +19359 +19778 20 44 1
a contact +37120 +37299 44 20 1
a contact +37120 +37299 20 44 1
a contact +42851 +43402 44 20 1
a contact +42851 +43402 20 44 1
a contact +48739 +49460 44 20 1
a contact +48739 +49460 20 44 1
a contact +54755 +55515 44 20 1
a contact +54755 +55515 20 44 1
a contact +60890 +61578 44 20 1
a contact +60890 +61578 20 44 1
a contact +67116 +67668 44 20 1
a contact +67116 +67668 20 44 1
a contact +73344 +73830 44 20 1
a contact +73344 +73830 20 44 1
a contact +79486 +80069 44 20 1
a contact +79486 +80069 20 44 1
a contact +85568 +86283 44 20 1
a contact +85568 +86283 20 44 1
a contact +1791 +2528 44 22 1
a contact +1791 +2528 22 44 1
a contact +7880 +8478 44 22 1
a contact +7880 +8478 22 44 1
a contact +42361 +42695 44 22 1
a contact +42361 +42695 22 44 1
a contact +48147 +48897 44 22 1
a contact +48147 +48897 22 44 1
a contact +54484 +54730 44 22 1
a contact +54484 +54730 22 44 1
a contact +86220 +86400 44 22 1
a contact +86220 +86400 22 44 1
a contact +5043 +5788 44 24 1
a contact +5043 +5788 24 44 1
a contact +44998 +45577 44 24 1
a contact +44998 +45577 24 44 1
a contact +50954 +51665 44 24 1
a contact +50954 +51665 24 44 1
a contact +24681 +25236 44 26 1
a contact +24681 +25236 26 44 1
a contact +30571 +31310 44 26 1
a contact +30571 +31310 26 44 1
a contact +36625 +37365 44 26 1
a contact +36625 +37365 26 44 1
a contact +42833 +43414 44 26 1
a contact +42833 +43414 26 44 1
a contact +49173 +49471 44 26 1
a contact +49173 +49471 26 44 1
a contact +55449 +55668 44 26 1
a contact +55449 +55668 26 44 1
a contact +61517 +62031 44 26 1
a contact +61517 +62031 26 44 1
a contact +67567 +68284 44 26 1
a contact +67567 +68284 26 44 1
a contact +73619 +74384 44 26 1
a contact +73619 +74384 26 44 1
a contact +79684 +80325 44 26 1
a contact +79684 +80325 26 44 1
a contact +85819 +86054 44 26 1
a contact +85819 +86054 26 44 1
a contact +18117 +18807 44 30 1
a contact +18117 +18807 30 44 1
a contact +24173 +24839 44 30 1
a contact +24173 +24839 30 44 1
a contact +56112 +56442 44 30 1
a contact +56112 +56442 30 44 1
a contact +61989 +62754 44 30 1
a contact +61989 +62754 30 44 1
a contact +68136 +68603 44 30 1
a contact +68136 +68603 30 44 1
a contact +3626 +3913 44 32 1
a contact +3626 +3913 32 44 1
a contact +28620 +29196 44 32 1
a contact +28620 +29196 32 44 1
a contact +34625 +35382 44 32 1
a contact +34625 +35382 32 44 1
a contact +40717 +41299 44 32 1
a contact +40717 +41299 32 44 1
a contact +75659 +76316 44 32 1
a contact +75659 +76316 32 44 1
a contact +81627 +82389 44 32 1
a contact +81627 +82389 32 44 1
a contact +32678 +33042 44 34 1
a contact +32678 +33042 34 44 1
a contact +38515 +39259 44 34 1
a contact +38515 +39259 34 44 1
a contact +77793 +78440 44 34 1
a contact +77793 +78440 34 44 1
a contact +83853 +84434 44 34 1
a contact +83853 +84434 34 44 1
a contact +838 +1433 44 36 1
a contact +838 +1433 36 44 1
a contact +6764 +7433 44 36 1
a contact +6764 +7433 36 44 1
a contact +12725 +13458 44 36 1
a contact +12725 +13458 36 44 1
a contact +18738 +19502 44 36 1
a contact +18738 +19502 36 44 1
a contact +24806 +25564 44 36 1
a contact +24806 +25564 36 44 1
a contact +30914 +31650 44 36 1
a contact +30914 +31650 36 44 1
a contact +37035 +37759 44 36 1
a contact +37035 +37759 36 44 1
a contact +43145 +43881 44 36 1
a contact +43145 +43881 36 44 1
a contact +49231 +49991 44 36 1
a contact +49231 +49991 36 44 1
a contact +55295 +56062 44 36 1
a contact +55295 +56062 36 44 1
a contact +61340 +62080 44 36 1
a contact +61340 +62080 36 44 1
a contact +67366 +68043 44 36 1
a contact +67366 +68043 36 44 1
a contact +73368 +73970 44 36 1
a contact +73368 +73970 36 44 1
a contact +79335 +79893 44 36 1
a contact +79335 +79893 36 44 1
a contact +85267 +85846 44 36 1
a contact +85267 +85846 36 44 1
a contact +25879 +26609 44 38 1
a contact +25879 +26609 38 44 1
a contact +31955 +32582 44 38 1
a contact +31955 +32582 38 44 1
a contact +66525 +66820 44 38 1
a contact +66525 +66820 38 44 1
a contact +72287 +73037 44 38 1
a contact +72287 +73037 38 44 1
a contact +78564 +78924 44 38 1
a contact +78564 +78924 38 44 1
a contact +886 +1201 44 40 1
a contact +886 +1201 40 44 1
a contact +6677 +7262 44 40 1
a contact +6677 +7262 40 44 1
a contact +12585 +13314 44 40 1
a contact +12585 +13314 40 44 1
a contact +18608 +19368 44 40 1
a contact +18608 +19368 40 44 1
a contact +24740 +25435 44 40 1
a contact +24740 +25435 40 44 1
a contact +30949 +31532 44 40 1
a contact +30949 +31532 40 44 1
a contact +37156 +37695 44 40 1
a contact +37156 +37695 40 44 1
a contact +43293 +43915 44 40 1
a contact +43293 +43915 40 44 1
a contact +49376 +50106 44 40 1
a contact +49376 +50106 40 44 1
a contact +55437 +56206 44 40 1
a contact +55437 +56206 40 44 1
a contact +61490 +62193 44 40 1
a contact +61490 +62193 40 44 1
a contact +67542 +68064 44 40 1
a contact +67542 +68064 40 44 1
a contact +73618 +73812 44 40 1
a contact +73618 +73812 40 44 1
a contact +85382 +85577 44 40 1
a contact +85382 +85577 40 44 1
a contact +755 +1239 44 42 1
a contact +755 +1239 42 44 1
a contact +6613 +7287 44 42 1
a contact +6613 +7287 42 44 1
a contact +12580 +13338 44 42 1
a contact +12580 +13338 42 44 1
a contact +18655 +19397 44 42 1
a contact +18655 +19397 42 44 1
a contact +24822 +25476 44 42 1
a contact +24822 +25476 42 44 1
a contact +31031 +31601 44 42 1
a contact +31031 +31601 42 44 1
a contact +37203 +37791 44 42 1
a contact +37203 +37791 42 44 1
a contact +43310 +43998 44 42 1
a contact +43310 +43998 42 44 1
a contact +49382 +50143 44 42 1
a contact +49382 +50143 42 44 1
a contact +55437 +56189 44 42 1
a contact +55437 +56189 42 44 1
a contact +61486 +62124 44 42 1
a contact +61486 +62124 42 44 1
a contact +67535 +67954 44 42 1
a contact +67535 +67954 42 44 1
a contact +73627 +73660 44 42 1
a contact +73627 +73660 42 44 1
a contact +85221 +85630 44 42 1
a contact +85221 +85630 42 44 1
