# From 0 to 1
1 1 2 10 1 
5 1 2 10 5 
1 1 2 20 12 
6 1 2 20 19 
5 1 2 20 18 
4 1 2 20 14 
1 1 2 30 24 
6 1 2 30 28 
8 1 2 20 22 
5 1 2 30 27 
4 1 2 60 61 
7 1 2 40 40 
1 1 2 40 35 
6 1 2 80 87 
8 1 2 30 32 
5 1 2 50 51 
7 1 2 50 53 
1 1 2 50 46 
8 1 2 40 44 
8 1 2 50 54 


# From 0 to 2
1 1 3 10 1 
5 1 3 10 4 
1 1 3 20 12 
5 1 3 30 26 
4 1 3 20 15 
1 1 3 50 45 
5 1 3 40 37 
4 1 3 50 50 
1 1 3 60 56 
5 1 3 50 51 
4 1 3 60 62 
1 1 3 80 78 
6 1 3 50 52 
5 1 3 60 63 
7 1 3 60 64 
4 1 3 70 70 
1 1 3 90 91 
7 1 3 50 53 
6 1 3 70 73 
8 1 3 70 77 
5 1 3 70 72 
7 1 3 70 76 
4 1 3 90 92 
8 1 3 100 108 
1 1 3 100 100 
8 1 3 50 55 
6 1 3 90 96 
5 1 3 80 86 
7 1 3 80 88 
4 1 3 100 105 
6 1 3 100 107 
5 1 3 90 94 
7 1 3 90 98 
5 1 3 100 106 


# From 0 to 3
1 1 4 20 12 
1 1 4 30 23 
1 1 4 40 34 
6 1 4 40 39 
1 1 4 50 46 
8 1 4 40 42 
6 1 4 50 52 
5 1 4 80 85 
1 1 4 80 79 
8 1 4 50 54 
7 1 4 50 53 
6 1 4 70 73 
5 1 4 90 93 
1 1 4 90 89 
8 1 4 60 66 
7 1 4 60 65 
6 1 4 80 87 
5 1 4 100 106 
1 1 4 100 100 
8 1 4 90 99 
7 1 4 70 75 
2 1 4 80 82 
6 1 4 90 96 
8 1 4 100 108 
6 1 4 100 107 
7 1 4 90 97 
2 1 4 100 101 
3 1 4 100 103 


# From 0 to 4
1 1 5 10 1 
1 1 5 30 24 
7 1 5 40 41 
1 1 5 40 35 
7 1 5 50 53 
1 1 5 50 46 
8 1 5 50 54 
7 1 5 60 65 
1 1 5 80 80 
8 1 5 60 66 
7 1 5 70 75 
1 1 5 90 90 
8 1 5 100 109 
7 1 5 90 98 
1 1 5 100 100 
6 1 5 100 107 


# From 0 to 5
1 1 6 10 1 
5 1 6 10 5 
1 1 6 20 12 
5 1 6 30 27 
4 1 6 20 17 
1 1 6 40 34 
5 1 6 50 51 
4 1 6 60 61 
1 1 6 50 46 
5 1 6 60 63 
4 1 6 100 105 
1 1 6 100 100 
8 1 6 100 110 
5 1 6 80 86 
5 1 6 90 94 
5 1 6 100 106 


# From 0 to 6
1 1 7 30 24 
1 1 7 40 35 
1 1 7 50 45 
3 1 7 60 58 
1 1 7 60 56 
3 1 7 80 84 
1 1 7 80 78 


# From 0 to 7
1 1 8 10 1 
5 1 8 20 18 
1 1 8 30 24 
5 1 8 30 27 
7 1 8 40 41 
1 1 8 40 34 
6 1 8 40 39 
5 1 8 60 63 
7 1 8 50 53 
1 1 8 50 47 
6 1 8 50 52 
5 1 8 80 86 
7 1 8 60 65 
1 1 8 80 81 
6 1 8 70 74 
5 1 8 90 94 
7 1 8 70 76 
1 1 8 90 91 
6 1 8 90 96 
5 1 8 100 106 
7 1 8 90 98 
1 1 8 100 100 
6 1 8 100 107 


# From 1 to 0
2 2 1 10 2 
6 2 1 10 6 
2 2 1 50 48 
6 2 1 30 30 
8 2 1 50 54 
2 2 1 60 57 
5 2 1 30 26 
6 2 1 40 39 
8 2 1 60 66 
2 2 1 70 67 
5 2 1 40 37 
6 2 1 50 52 
5 2 1 70 72 
8 2 1 70 77 
4 2 1 70 71 
2 2 1 80 82 
3 2 1 50 49 
5 2 1 50 51 
7 2 1 50 53 
6 2 1 70 73 
7 2 1 70 75 
5 2 1 80 85 
3 2 1 100 102 
8 2 1 90 99 
4 2 1 100 104 
2 2 1 100 101 
3 2 1 60 58 
6 2 1 80 87 
7 2 1 80 88 
5 2 1 90 93 
8 2 1 100 108 
5 2 1 100 106 
6 2 1 90 96 
7 2 1 90 97 
6 2 1 100 107 


# From 1 to 2
2 2 3 10 2 
6 2 3 10 7 
2 2 3 30 25 
6 2 3 30 30 
4 2 3 50 50 
2 2 3 50 48 
5 2 3 30 26 
6 2 3 40 38 
4 2 3 60 62 
8 2 3 50 55 
2 2 3 60 57 
1 2 3 50 45 
5 2 3 40 37 
6 2 3 50 52 
7 2 3 60 64 
4 2 3 70 70 
8 2 3 70 77 
1 2 3 60 56 
2 2 3 70 69 
5 2 3 50 51 
7 2 3 50 53 
6 2 3 70 73 
7 2 3 70 76 
4 2 3 90 92 
8 2 3 100 108 
1 2 3 80 78 
2 2 3 80 83 
5 2 3 60 63 
6 2 3 90 96 
7 2 3 80 88 
4 2 3 100 105 
1 2 3 90 91 
2 2 3 100 101 
5 2 3 70 72 
6 2 3 100 107 
7 2 3 90 98 
1 2 3 100 100 
5 2 3 100 106 
5 2 3 80 86 
5 2 3 90 94 


# From 1 to 3
2 2 4 10 2 
6 2 4 10 6 
2 2 4 30 25 
1 2 4 20 12 
6 2 4 30 29 
2 2 4 50 48 
1 2 4 30 23 
6 2 4 40 39 
8 2 4 50 54 
2 2 4 60 57 
1 2 4 40 34 
8 2 4 40 42 
6 2 4 50 52 
1 2 4 50 46 
8 2 4 60 66 
1 2 4 80 79 
2 2 4 70 67 
7 2 4 50 53 
6 2 4 70 73 
5 2 4 80 85 
8 2 4 90 99 
1 2 4 90 89 
2 2 4 80 82 
7 2 4 60 65 
6 2 4 80 87 
5 2 4 90 93 
8 2 4 100 108 
1 2 4 100 100 
2 2 4 100 101 
7 2 4 70 75 
6 2 4 90 96 
5 2 4 100 106 
3 2 4 100 103 
6 2 4 100 107 
7 2 4 90 97 


# From 1 to 4
2 2 5 10 2 
6 2 5 10 6 
2 2 5 70 68 
1 2 5 10 1 
6 2 5 30 30 
2 2 5 80 82 
1 2 5 30 24 
6 2 5 40 39 
2 2 5 100 101 
7 2 5 40 41 
1 2 5 40 35 
8 2 5 40 43 
6 2 5 70 74 
7 2 5 50 53 
1 2 5 50 46 
8 2 5 50 54 
6 2 5 90 95 
7 2 5 60 65 
1 2 5 80 80 
8 2 5 60 66 
6 2 5 100 107 
7 2 5 70 75 
1 2 5 90 90 
8 2 5 100 109 
7 2 5 90 98 
1 2 5 100 100 


# From 1 to 5
2 2 6 10 2 
2 2 6 30 25 
4 2 6 60 61 
2 2 6 50 48 
4 2 6 100 105 
8 2 6 50 54 
2 2 6 60 57 
1 2 6 50 46 
8 2 6 100 110 
1 2 6 100 100 
2 2 6 70 69 
5 2 6 50 51 
2 2 6 80 83 
5 2 6 60 63 
2 2 6 100 101 
5 2 6 80 86 
5 2 6 100 106 
5 2 6 90 94 


# From 1 to 6
2 2 7 10 2 
6 2 7 10 6 
2 2 7 30 25 
1 2 7 30 24 
6 2 7 30 31 
4 2 7 60 62 
2 2 7 50 48 
1 2 7 40 35 
6 2 7 40 38 
4 2 7 70 71 
8 2 7 50 55 
2 2 7 60 57 
1 2 7 50 45 
3 2 7 60 58 
6 2 7 50 52 
8 2 7 60 66 
1 2 7 60 56 
2 2 7 70 68 
3 2 7 80 84 
6 2 7 70 74 
5 2 7 70 72 
8 2 7 70 77 
1 2 7 80 78 


# From 1 to 7
2 2 8 10 2 
6 2 8 10 6 
2 2 8 50 48 
1 2 8 10 1 
6 2 8 40 39 
2 2 8 70 69 
5 2 8 20 18 
1 2 8 30 24 
6 2 8 50 52 
2 2 8 80 83 
5 2 8 30 27 
7 2 8 40 41 
1 2 8 40 34 
7 2 8 50 53 
6 2 8 70 74 
2 2 8 100 101 
5 2 8 60 63 
1 2 8 50 47 
7 2 8 60 65 
5 2 8 80 86 
6 2 8 90 96 
5 2 8 100 106 
1 2 8 80 81 
7 2 8 70 76 
5 2 8 90 94 
6 2 8 100 107 
1 2 8 90 91 
7 2 8 90 98 
1 2 8 100 100 


# From 2 to 0
3 3 1 10 3 
5 3 1 10 5 
3 3 1 20 13 
6 3 1 10 6 
5 3 1 30 26 
8 3 1 30 32 
3 3 1 50 49 
6 3 1 30 30 
5 3 1 40 37 
8 3 1 50 54 
3 3 1 60 58 
6 3 1 40 39 
5 3 1 50 51 
8 3 1 60 66 
7 3 1 70 75 
3 3 1 100 102 
6 3 1 50 52 
5 3 1 70 72 
8 3 1 70 77 
7 3 1 80 88 
7 3 1 50 53 
6 3 1 70 73 
5 3 1 80 85 
8 3 1 90 99 
7 3 1 90 97 
4 3 1 70 71 
6 3 1 80 87 
4 3 1 100 104 
5 3 1 90 93 
8 3 1 100 108 
2 3 1 80 82 
6 3 1 90 96 
5 3 1 100 106 
2 3 1 100 101 
6 3 1 100 107 


# From 2 to 1
3 3 2 10 3 
5 3 2 10 5 
3 3 2 20 13 
6 3 2 20 19 
5 3 2 20 18 
8 3 2 20 22 
3 3 2 40 36 
6 3 2 30 28 
5 3 2 30 27 
8 3 2 30 32 
4 3 2 60 61 
3 3 2 50 49 
6 3 2 80 87 
5 3 2 50 51 
8 3 2 40 44 
8 3 2 50 54 
1 3 2 50 46 


# From 2 to 3
3 3 4 10 3 
5 3 4 10 5 
3 3 4 20 13 
6 3 4 10 6 
5 3 4 30 27 
8 3 4 30 32 
3 3 4 40 36 
1 3 4 20 12 
6 3 4 30 29 
5 3 4 40 37 
8 3 4 40 42 
3 3 4 50 49 
1 3 4 30 23 
6 3 4 40 39 
5 3 4 80 85 
8 3 4 50 54 
3 3 4 60 58 
1 3 4 40 34 
6 3 4 50 52 
5 3 4 90 93 
1 3 4 50 46 
8 3 4 60 66 
7 3 4 60 65 
3 3 4 100 103 
7 3 4 50 53 
6 3 4 70 73 
5 3 4 100 106 
1 3 4 80 79 
8 3 4 90 99 
7 3 4 70 75 
6 3 4 80 87 
8 3 4 100 108 
1 3 4 90 89 
7 3 4 90 97 
2 3 4 80 82 
6 3 4 90 96 
1 3 4 100 100 
2 3 4 100 101 
6 3 4 100 107 


# From 2 to 4
3 3 5 10 3 
3 3 5 20 13 
8 3 5 30 32 
3 3 5 40 36 
8 3 5 40 43 
4 3 5 60 60 
3 3 5 50 49 
8 3 5 50 54 
4 3 5 70 71 
3 3 5 60 58 
1 3 5 50 46 
8 3 5 60 66 
7 3 5 70 75 
4 3 5 90 92 
7 3 5 60 65 
3 3 5 80 84 
1 3 5 80 80 
8 3 5 100 109 
7 3 5 90 98 
4 3 5 100 105 
3 3 5 100 103 
1 3 5 90 90 
6 3 5 100 107 
1 3 5 100 100 


# From 2 to 5
3 3 6 10 3 
5 3 6 10 5 
3 3 6 20 13 
5 3 6 30 27 
8 3 6 30 32 
3 3 6 40 36 
5 3 6 50 51 
8 3 6 40 44 
4 3 6 60 61 
3 3 6 50 49 
5 3 6 60 63 
8 3 6 50 54 
4 3 6 100 105 
3 3 6 60 59 
8 3 6 100 110 
5 3 6 80 86 
1 3 6 50 46 
3 3 6 100 103 
5 3 6 90 94 
1 3 6 100 100 
5 3 6 100 106 


# From 2 to 6
3 3 7 10 3 
5 3 7 10 5 
3 3 7 20 13 
6 3 7 10 6 
5 3 7 20 18 
8 3 7 30 33 
3 3 7 60 58 
1 3 7 30 24 
6 3 7 30 31 
5 3 7 30 26 
8 3 7 40 42 
3 3 7 80 84 
1 3 7 40 35 
6 3 7 40 38 
5 3 7 40 37 
4 3 7 60 62 
8 3 7 50 55 
1 3 7 50 45 
6 3 7 50 52 
5 3 7 50 51 
4 3 7 70 71 
8 3 7 60 66 
1 3 7 60 56 
6 3 7 70 74 
5 3 7 70 72 
8 3 7 70 77 
1 3 7 80 78 


# From 2 to 7
3 3 8 10 3 
5 3 8 20 18 
3 3 8 20 13 
5 3 8 30 27 
3 3 8 50 49 
6 3 8 40 39 
5 3 8 60 63 
3 3 8 60 59 
6 3 8 50 52 
5 3 8 80 86 
3 3 8 80 84 
7 3 8 50 53 
6 3 8 70 74 
5 3 8 90 94 
7 3 8 90 98 
3 3 8 100 103 
7 3 8 60 65 
6 3 8 90 96 
5 3 8 100 106 
4 3 8 100 105 
7 3 8 70 76 
6 3 8 100 107 


# From 3 to 0
4 4 1 20 16 
5 4 1 30 26 
4 4 1 50 50 
5 4 1 40 37 
3 4 1 50 49 
4 4 1 60 62 
5 4 1 50 51 
8 4 1 50 54 
3 4 1 60 58 
7 4 1 70 75 
4 4 1 70 71 
6 4 1 50 52 
5 4 1 70 72 
8 4 1 60 66 
3 4 1 100 102 
7 4 1 80 88 
4 4 1 100 104 
7 4 1 50 53 
6 4 1 70 73 
5 4 1 80 85 
8 4 1 70 77 
7 4 1 90 97 
6 4 1 80 87 
5 4 1 90 93 
8 4 1 90 99 
2 4 1 80 82 
6 4 1 90 96 
5 4 1 100 106 
8 4 1 100 108 
2 4 1 100 101 
6 4 1 100 107 


# From 3 to 1
4 4 2 20 14 
4 4 2 60 61 
6 4 2 80 87 


# From 3 to 2
4 4 3 20 15 
4 4 3 50 50 
4 4 3 60 62 
7 4 3 60 64 
4 4 3 70 70 
7 4 3 70 76 
4 4 3 90 92 
8 4 3 70 77 
7 4 3 80 88 
8 4 3 100 108 
4 4 3 100 105 
7 4 3 90 98 
6 4 3 100 107 
5 4 3 100 106 


# From 3 to 4
4 4 5 20 16 
4 4 5 60 60 
4 4 5 70 71 
7 4 5 70 75 
4 4 5 90 92 
1 4 5 80 80 
7 4 5 90 98 
8 4 5 100 109 
4 4 5 100 105 
1 4 5 90 90 
6 4 5 100 107 
1 4 5 100 100 


# From 3 to 5
4 4 6 20 17 
4 4 6 60 61 
4 4 6 100 105 


# From 3 to 6
4 4 7 20 17 
6 4 7 30 31 
4 4 7 60 62 
6 4 7 40 38 
4 4 7 70 71 
3 4 7 60 58 
6 4 7 50 52 
3 4 7 80 84 
6 4 7 70 74 
5 4 7 70 72 


# From 3 to 7
4 4 8 20 16 
5 4 8 20 18 
4 4 8 50 50 
5 4 8 30 27 
3 4 8 50 49 
4 4 8 60 60 
6 4 8 40 39 
5 4 8 60 63 
3 4 8 60 59 
4 4 8 70 71 
6 4 8 50 52 
5 4 8 80 86 
3 4 8 80 84 
7 4 8 70 76 
4 4 8 90 92 
7 4 8 50 53 
6 4 8 70 74 
5 4 8 90 94 
7 4 8 90 98 
3 4 8 100 103 
4 4 8 100 105 
7 4 8 60 65 
6 4 8 90 96 
5 4 8 100 106 
6 4 8 100 107 


# From 4 to 0
5 5 1 10 5 
6 5 1 10 6 
5 5 1 30 26 
6 5 1 30 30 
5 5 1 40 37 
6 5 1 40 39 
3 5 1 50 49 
5 5 1 50 51 
8 5 1 50 54 
6 5 1 50 52 
3 5 1 60 58 
5 5 1 70 72 
8 5 1 60 66 
7 5 1 50 53 
6 5 1 70 73 
7 5 1 70 75 
3 5 1 100 102 
5 5 1 80 85 
8 5 1 70 77 
4 5 1 70 71 
6 5 1 80 87 
7 5 1 80 88 
4 5 1 100 104 
5 5 1 90 93 
8 5 1 90 99 
2 5 1 80 82 
6 5 1 90 96 
7 5 1 90 97 
5 5 1 100 106 
8 5 1 100 108 
2 5 1 100 101 
6 5 1 100 107 


# From 4 to 1
5 5 2 10 5 
6 5 2 20 19 
5 5 2 20 18 
6 5 2 30 28 
8 5 2 20 22 
5 5 2 30 27 
6 5 2 80 87 
8 5 2 30 32 
5 5 2 50 51 
8 5 2 40 44 
8 5 2 50 54 
1 5 2 50 46 


# From 4 to 2
5 5 3 10 4 
5 5 3 30 26 
1 5 3 50 45 
5 5 3 40 37 
1 5 3 60 56 
5 5 3 50 51 
1 5 3 80 78 
6 5 3 50 52 
5 5 3 60 63 
1 5 3 90 91 
7 5 3 50 53 
6 5 3 70 73 
8 5 3 70 77 
5 5 3 70 72 
8 5 3 100 108 
1 5 3 100 100 
8 5 3 50 55 
7 5 3 60 64 
4 5 3 70 70 
6 5 3 90 96 
7 5 3 70 76 
5 5 3 80 86 
6 5 3 100 107 
4 5 3 90 92 
7 5 3 80 88 
5 5 3 90 94 
5 5 3 100 106 
4 5 3 100 105 
7 5 3 90 98 


# From 4 to 3
5 5 4 10 5 
6 5 4 10 6 
5 5 4 30 27 
1 5 4 20 12 
6 5 4 30 29 
5 5 4 40 37 
1 5 4 30 23 
6 5 4 40 39 
3 5 4 40 36 
5 5 4 80 85 
1 5 4 40 34 
8 5 4 40 42 
6 5 4 50 52 
3 5 4 50 49 
5 5 4 90 93 
1 5 4 50 46 
8 5 4 50 54 
7 5 4 50 53 
6 5 4 70 73 
3 5 4 60 58 
5 5 4 100 106 
1 5 4 80 79 
8 5 4 60 66 
7 5 4 60 65 
6 5 4 80 87 
3 5 4 100 103 
8 5 4 100 108 
1 5 4 90 89 
8 5 4 90 99 
7 5 4 70 75 
2 5 4 80 82 
6 5 4 90 96 
1 5 4 100 100 
7 5 4 90 97 
2 5 4 100 101 
6 5 4 100 107 


# From 4 to 5
5 5 6 10 5 
5 5 6 30 27 
5 5 6 50 51 
5 5 6 60 63 
8 5 6 100 110 
5 5 6 80 86 
5 5 6 90 94 
5 5 6 100 106 


# From 4 to 6
5 5 7 10 5 
6 5 7 10 6 
5 5 7 20 18 
1 5 7 30 24 
6 5 7 30 31 
8 5 7 30 33 
5 5 7 30 26 
1 5 7 40 35 
6 5 7 40 38 
8 5 7 40 42 
5 5 7 40 37 
1 5 7 50 45 
3 5 7 60 58 
6 5 7 50 52 
4 5 7 60 62 
8 5 7 50 55 
5 5 7 50 51 
1 5 7 60 56 
3 5 7 80 84 
6 5 7 70 74 
4 5 7 70 71 
8 5 7 60 66 
5 5 7 70 72 
1 5 7 80 78 
8 5 7 70 77 


# From 4 to 7
5 5 8 20 18 
5 5 8 30 27 
6 5 8 40 39 
5 5 8 60 63 
6 5 8 50 52 
5 5 8 80 86 
7 5 8 50 53 
6 5 8 70 74 
5 5 8 90 94 
7 5 8 60 65 
6 5 8 90 96 
5 5 8 100 106 
7 5 8 70 76 
6 5 8 100 107 
7 5 8 90 98 


# From 5 to 0
6 6 1 10 6 
6 6 1 30 30 
5 6 1 30 26 
6 6 1 40 39 
5 6 1 40 37 
8 6 1 50 54 
6 6 1 50 52 
3 6 1 50 49 
5 6 1 50 51 
8 6 1 60 66 
7 6 1 50 53 
6 6 1 70 73 
3 6 1 60 58 
5 6 1 70 72 
8 6 1 70 77 
7 6 1 70 75 
4 6 1 70 71 
6 6 1 80 87 
3 6 1 100 102 
5 6 1 80 85 
8 6 1 90 99 
7 6 1 80 88 
4 6 1 100 104 
2 6 1 80 82 
6 6 1 90 96 
5 6 1 90 93 
8 6 1 100 108 
7 6 1 90 97 
2 6 1 100 101 
6 6 1 100 107 
5 6 1 100 106 


# From 5 to 1
6 6 2 20 19 
6 6 2 30 28 
6 6 2 80 87 


# From 5 to 2
6 6 3 10 7 
6 6 3 30 30 
5 6 3 30 26 
6 6 3 40 38 
1 6 3 50 45 
5 6 3 40 37 
6 6 3 50 52 
1 6 3 60 56 
5 6 3 50 51 
7 6 3 50 53 
6 6 3 70 73 
1 6 3 80 78 
5 6 3 60 63 
8 6 3 50 55 
7 6 3 60 64 
4 6 3 70 70 
6 6 3 90 96 
1 6 3 90 91 
8 6 3 70 77 
5 6 3 70 72 
7 6 3 70 76 
4 6 3 90 92 
8 6 3 100 108 
6 6 3 100 107 
1 6 3 100 100 
5 6 3 80 86 
7 6 3 80 88 
4 6 3 100 105 
5 6 3 100 106 
5 6 3 90 94 
7 6 3 90 98 


# From 5 to 3
6 6 4 10 6 
1 6 4 20 12 
6 6 4 30 29 
1 6 4 30 23 
6 6 4 40 39 
1 6 4 40 34 
8 6 4 40 42 
6 6 4 50 52 
1 6 4 50 46 
8 6 4 50 54 
7 6 4 50 53 
6 6 4 70 73 
5 6 4 80 85 
1 6 4 80 79 
8 6 4 60 66 
7 6 4 60 65 
6 6 4 80 87 
5 6 4 90 93 
1 6 4 90 89 
8 6 4 90 99 
7 6 4 70 75 
2 6 4 80 82 
6 6 4 90 96 
5 6 4 100 106 
1 6 4 100 100 
8 6 4 100 108 
7 6 4 90 97 
2 6 4 100 101 
6 6 4 100 107 
3 6 4 100 103 


# From 5 to 4
6 6 5 10 6 
1 6 5 10 1 
6 6 5 30 30 
1 6 5 30 24 
6 6 5 40 39 
7 6 5 40 41 
1 6 5 40 35 
8 6 5 40 43 
6 6 5 70 74 
7 6 5 50 53 
1 6 5 50 46 
8 6 5 50 54 
6 6 5 90 95 
7 6 5 60 65 
1 6 5 80 80 
8 6 5 60 66 
6 6 5 100 107 
7 6 5 70 75 
1 6 5 90 90 
8 6 5 100 109 
7 6 5 90 98 
1 6 5 100 100 


# From 5 to 6
6 6 7 10 6 
1 6 7 30 24 
6 6 7 30 31 
1 6 7 40 35 
6 6 7 40 38 
1 6 7 50 45 
3 6 7 60 58 
6 6 7 50 52 
1 6 7 60 56 
3 6 7 80 84 
6 6 7 70 74 
1 6 7 80 78 
5 6 7 70 72 


# From 5 to 7
6 6 8 10 6 
1 6 8 10 1 
6 6 8 40 39 
5 6 8 20 18 
1 6 8 30 24 
6 6 8 50 52 
5 6 8 30 27 
7 6 8 40 41 
1 6 8 40 34 
7 6 8 50 53 
6 6 8 70 74 
5 6 8 60 63 
1 6 8 50 47 
7 6 8 60 65 
5 6 8 80 86 
6 6 8 90 96 
1 6 8 80 81 
7 6 8 70 76 
5 6 8 90 94 
6 6 8 100 107 
1 6 8 90 91 
7 6 8 90 98 
5 6 8 100 106 
1 6 8 100 100 


# From 6 to 0
7 7 1 10 10 
6 7 1 10 6 
7 7 1 20 20 
6 7 1 30 30 
7 7 1 40 40 
5 7 1 30 26 
6 7 1 40 39 
2 7 1 50 48 
7 7 1 50 53 
5 7 1 40 37 
8 7 1 50 54 
6 7 1 50 52 
2 7 1 60 57 
7 7 1 70 75 
3 7 1 50 49 
5 7 1 50 51 
8 7 1 60 66 
6 7 1 70 73 
2 7 1 70 67 
7 7 1 80 88 
3 7 1 60 58 
5 7 1 70 72 
8 7 1 70 77 
4 7 1 70 71 
6 7 1 80 87 
2 7 1 80 82 
3 7 1 100 102 
7 7 1 90 97 
5 7 1 80 85 
8 7 1 90 99 
4 7 1 100 104 
6 7 1 90 96 
2 7 1 100 101 
5 7 1 90 93 
8 7 1 100 108 
6 7 1 100 107 
5 7 1 100 106 


# From 6 to 1
7 7 2 10 8 
7 7 2 20 21 
6 7 2 20 19 
7 7 2 40 40 
6 7 2 30 28 
7 7 2 50 53 
6 7 2 80 87 
8 7 2 50 54 
1 7 2 50 46 
5 7 2 50 51 


# From 6 to 2
7 7 3 10 9 
4 7 3 20 15 
7 7 3 20 20 
4 7 3 50 50 
1 7 3 20 12 
7 7 3 40 41 
4 7 3 60 62 
1 7 3 50 45 
5 7 3 40 37 
7 7 3 50 53 
7 7 3 60 64 
4 7 3 70 70 
1 7 3 60 56 
5 7 3 50 51 
8 7 3 50 55 
7 7 3 70 76 
4 7 3 90 92 
1 7 3 80 78 
6 7 3 50 52 
5 7 3 60 63 
8 7 3 70 77 
7 7 3 80 88 
8 7 3 100 108 
4 7 3 100 105 
1 7 3 90 91 
6 7 3 70 73 
5 7 3 70 72 
7 7 3 90 98 
6 7 3 100 107 
1 7 3 100 100 
6 7 3 90 96 
5 7 3 80 86 
5 7 3 100 106 
5 7 3 90 94 


# From 6 to 3
7 7 4 10 9 
7 7 4 20 20 
1 7 4 20 12 
7 7 4 40 41 
1 7 4 30 23 
5 7 4 40 37 
7 7 4 50 53 
1 7 4 40 34 
3 7 4 40 36 
5 7 4 80 85 
8 7 4 50 54 
7 7 4 60 65 
6 7 4 40 39 
1 7 4 50 46 
3 7 4 50 49 
5 7 4 90 93 
8 7 4 60 66 
7 7 4 70 75 
8 7 4 40 42 
6 7 4 50 52 
1 7 4 80 79 
3 7 4 60 58 
5 7 4 100 106 
8 7 4 90 99 
7 7 4 90 97 
6 7 4 70 73 
1 7 4 90 89 
3 7 4 100 103 
8 7 4 100 108 
6 7 4 80 87 
1 7 4 100 100 
2 7 4 80 82 
6 7 4 90 96 
6 7 4 100 107 
2 7 4 100 101 


# From 6 to 4
7 7 5 10 10 
6 7 5 10 6 
7 7 5 20 21 
1 7 5 10 1 
6 7 5 30 30 
7 7 5 40 41 
1 7 5 30 24 
6 7 5 40 39 
7 7 5 50 53 
1 7 5 40 35 
8 7 5 40 43 
6 7 5 70 74 
8 7 5 50 54 
7 7 5 60 65 
1 7 5 50 46 
6 7 5 90 95 
8 7 5 60 66 
7 7 5 70 75 
1 7 5 80 80 
6 7 5 100 107 
8 7 5 100 109 
7 7 5 90 98 
1 7 5 90 90 
1 7 5 100 100 


# From 6 to 5
7 7 6 10 10 
7 7 6 20 21 
7 7 6 40 41 
5 7 6 50 51 
7 7 6 50 53 
5 7 6 60 63 
8 7 6 50 54 
7 7 6 60 65 
8 7 6 100 110 
5 7 6 80 86 
1 7 6 50 46 
7 7 6 70 76 
5 7 6 90 94 
1 7 6 100 100 
7 7 6 90 98 
5 7 6 100 106 


# From 6 to 7
7 7 8 10 10 
6 7 8 10 6 
7 7 8 20 21 
1 7 8 10 1 
6 7 8 40 39 
7 7 8 40 41 
5 7 8 20 18 
1 7 8 30 24 
6 7 8 50 52 
5 7 8 60 63 
7 7 8 50 53 
5 7 8 30 27 
1 7 8 40 34 
6 7 8 70 74 
5 7 8 80 86 
7 7 8 60 65 
1 7 8 50 47 
6 7 8 90 96 
5 7 8 90 94 
7 7 8 70 76 
1 7 8 80 81 
6 7 8 100 107 
5 7 8 100 106 
7 7 8 90 98 
1 7 8 90 91 
1 7 8 100 100 


# From 7 to 0
8 8 1 10 11 
7 8 1 10 10 
8 8 1 30 32 
6 8 1 10 6 
7 8 1 20 20 
5 8 1 30 26 
8 8 1 50 54 
6 8 1 30 30 
7 8 1 40 40 
5 8 1 40 37 
8 8 1 60 66 
6 8 1 40 39 
2 8 1 50 48 
7 8 1 50 53 
3 8 1 50 49 
5 8 1 50 51 
5 8 1 70 72 
8 8 1 70 77 
6 8 1 50 52 
2 8 1 60 57 
7 8 1 70 75 
3 8 1 60 58 
5 8 1 80 85 
3 8 1 100 102 
8 8 1 90 99 
6 8 1 70 73 
2 8 1 70 67 
7 8 1 80 88 
4 8 1 100 104 
5 8 1 90 93 
8 8 1 100 108 
4 8 1 70 71 
6 8 1 80 87 
2 8 1 80 82 
7 8 1 90 97 
5 8 1 100 106 
6 8 1 90 96 
2 8 1 100 101 
6 8 1 100 107 


# From 7 to 1
8 8 2 10 11 
7 8 2 10 8 
8 8 2 20 22 
7 8 2 20 21 
8 8 2 30 32 
6 8 2 20 19 
7 8 2 40 40 
5 8 2 30 27 
8 8 2 40 44 
6 8 2 30 28 
7 8 2 50 53 
5 8 2 50 51 
6 8 2 80 87 
8 8 2 50 54 
1 8 2 50 46 


# From 7 to 2
8 8 3 10 11 
7 8 3 10 9 
8 8 3 30 32 
4 8 3 20 15 
7 8 3 20 20 
5 8 3 30 26 
8 8 3 40 42 
4 8 3 50 50 
1 8 3 20 12 
7 8 3 40 41 
1 8 3 50 45 
5 8 3 40 37 
8 8 3 50 55 
4 8 3 60 62 
7 8 3 50 53 
1 8 3 60 56 
5 8 3 50 51 
8 8 3 70 77 
7 8 3 60 64 
4 8 3 70 70 
1 8 3 80 78 
6 8 3 50 52 
5 8 3 60 63 
8 8 3 100 108 
7 8 3 70 76 
4 8 3 90 92 
1 8 3 90 91 
6 8 3 70 73 
5 8 3 70 72 
7 8 3 80 88 
4 8 3 100 105 
1 8 3 100 100 
6 8 3 90 96 
5 8 3 80 86 
7 8 3 90 98 
6 8 3 100 107 
5 8 3 90 94 
5 8 3 100 106 


# From 7 to 3
8 8 4 10 11 
7 8 4 10 9 
8 8 4 30 32 
7 8 4 20 20 
5 8 4 30 27 
8 8 4 40 42 
1 8 4 20 12 
7 8 4 40 41 
6 8 4 30 29 
5 8 4 40 37 
8 8 4 50 54 
1 8 4 30 23 
7 8 4 50 53 
6 8 4 40 39 
3 8 4 40 36 
5 8 4 80 85 
1 8 4 50 46 
8 8 4 60 66 
1 8 4 40 34 
7 8 4 60 65 
6 8 4 50 52 
3 8 4 50 49 
5 8 4 90 93 
1 8 4 80 79 
8 8 4 90 99 
7 8 4 70 75 
6 8 4 70 73 
3 8 4 60 58 
5 8 4 100 106 
1 8 4 90 89 
8 8 4 100 108 
7 8 4 90 97 
6 8 4 80 87 
3 8 4 100 103 
1 8 4 100 100 
2 8 4 80 82 
6 8 4 90 96 
6 8 4 100 107 
2 8 4 100 101 


# From 7 to 4
8 8 5 30 32 
8 8 5 40 43 
8 8 5 50 54 
1 8 5 50 46 
8 8 5 60 66 
1 8 5 80 80 
8 8 5 100 109 
1 8 5 90 90 
1 8 5 100 100 
6 8 5 100 107 


# From 7 to 5
8 8 6 10 11 
7 8 6 10 10 
8 8 6 30 32 
7 8 6 20 21 
5 8 6 30 27 
8 8 6 40 44 
7 8 6 40 41 
5 8 6 50 51 
8 8 6 50 54 
7 8 6 50 53 
5 8 6 60 63 
1 8 6 50 46 
8 8 6 100 110 
7 8 6 60 65 
5 8 6 80 86 
1 8 6 100 100 
7 8 6 70 76 
5 8 6 90 94 
7 8 6 90 98 
5 8 6 100 106 


# From 7 to 6
8 8 7 10 11 
8 8 7 30 33 
8 8 7 40 42 
4 8 7 60 62 
8 8 7 50 55 
4 8 7 70 71 
3 8 7 60 58 
8 8 7 60 66 
3 8 7 80 84 
5 8 7 70 72 
8 8 7 70 77 


