# From 0 to 1
1 1 2 10 1 
1 1 2 30 23 
3 1 2 40 37 
1 1 2 40 34 
3 1 2 50 46 
6 1 2 60 64 
1 1 2 50 45 
3 1 2 60 60 
6 1 2 70 72 
7 1 2 50 52 
1 1 2 60 56 
3 1 2 70 69 
7 1 2 60 65 
4 1 2 80 82 
1 1 2 70 67 
3 1 2 80 81 
7 1 2 70 75 
8 1 2 70 77 
1 1 2 80 79 
7 1 2 80 86 
8 1 2 80 87 
5 1 2 80 84 


# From 0 to 2
1 1 3 10 2 
7 1 3 20 19 
1 1 3 30 23 
7 1 3 30 32 
1 1 3 80 78 
7 1 3 60 65 
1 1 3 90 89 
7 1 3 80 85 
7 1 3 90 98 
4 1 3 100 105 


# From 0 to 3
1 1 4 30 24 
1 1 4 50 45 
7 1 4 50 51 
1 1 4 60 56 
7 1 4 70 75 
1 1 4 80 79 
7 1 4 80 86 
1 1 4 90 89 
7 1 4 90 98 
3 1 4 90 92 
3 1 4 100 103 


# From 0 to 4
1 1 5 10 2 
7 1 5 10 9 
1 1 5 30 23 
7 1 5 20 20 
3 1 5 30 26 
1 1 5 80 80 
7 1 5 30 32 
3 1 5 40 38 
1 1 5 90 89 
7 1 5 40 43 
8 1 5 40 44 
3 1 5 90 93 
2 1 5 40 36 
7 1 5 60 65 
8 1 5 60 66 
2 1 5 60 58 
7 1 5 80 85 
8 1 5 70 76 
2 1 5 70 68 
8 1 5 80 87 


# From 0 to 5
1 1 6 30 25 
1 1 6 40 34 
1 1 6 50 45 
7 1 6 50 52 
1 1 6 60 57 
7 1 6 60 65 
1 1 6 70 67 
3 1 6 60 60 
7 1 6 70 75 
8 1 6 80 88 
1 1 6 80 80 
3 1 6 70 69 
4 1 6 70 71 
7 1 6 80 85 
8 1 6 100 110 
5 1 6 80 83 
1 1 6 90 89 
3 1 6 90 93 
4 1 6 80 82 
7 1 6 100 109 
5 1 6 90 96 
1 1 6 100 100 
3 1 6 100 102 
2 1 6 90 90 
4 1 6 100 104 
5 1 6 100 106 
2 1 6 100 101 


# From 0 to 6
1 1 7 10 2 
1 1 7 30 25 
6 1 7 30 31 
1 1 7 50 45 
6 1 7 40 41 
1 1 7 60 57 
6 1 7 50 50 
1 1 7 70 67 
6 1 7 70 74 
8 1 7 80 87 
1 1 7 80 80 
6 1 7 100 107 
5 1 7 80 84 
8 1 7 90 99 
1 1 7 90 89 
5 1 7 90 97 
8 1 7 100 110 
3 1 7 90 93 
1 1 7 100 100 
5 1 7 100 106 
3 1 7 100 102 


# From 0 to 7
1 1 8 10 2 
7 1 8 10 10 
1 1 8 30 23 
7 1 8 20 21 
3 1 8 30 27 
1 1 8 70 67 
7 1 8 30 32 
3 1 8 40 38 
1 1 8 80 80 
7 1 8 40 43 
3 1 8 50 46 
5 1 8 90 97 
1 1 8 100 100 
2 1 8 40 36 
7 1 8 50 52 
2 1 8 70 68 
3 1 8 60 60 
5 1 8 100 106 
6 1 8 60 64 
7 1 8 60 65 
2 1 8 90 90 
3 1 8 70 69 
6 1 8 70 72 
7 1 8 70 75 
2 1 8 100 101 
3 1 8 90 93 
6 1 8 100 108 
4 1 8 70 71 
7 1 8 80 85 
7 1 8 100 109 
3 1 8 100 102 
4 1 8 80 82 
4 1 8 100 104 


# From 1 to 0
2 2 1 10 3 
2 2 1 40 35 
2 2 1 60 58 
3 2 1 90 91 
2 2 1 70 68 
3 2 1 100 102 
2 2 1 90 90 
8 2 1 90 99 
2 2 1 100 101 
7 2 1 100 109 
8 2 1 100 110 
6 2 1 100 107 


# From 1 to 2
2 2 3 10 3 
1 2 3 10 2 
2 2 3 40 35 
7 2 3 20 19 
1 2 3 30 23 
1 2 3 80 78 
2 2 3 60 58 
7 2 3 30 32 
1 2 3 90 89 
2 2 3 70 68 
7 2 3 60 65 
2 2 3 90 90 
7 2 3 80 85 
8 2 3 90 99 
7 2 3 90 98 
4 2 3 100 105 


# From 1 to 3
2 2 4 10 3 
1 2 4 30 24 
2 2 4 40 35 
1 2 4 50 45 
2 2 4 60 58 
7 2 4 50 51 
1 2 4 60 56 
3 2 4 80 81 
2 2 4 70 68 
7 2 4 70 75 
1 2 4 80 79 
3 2 4 90 92 
2 2 4 90 90 
7 2 4 80 86 
1 2 4 90 89 
3 2 4 100 103 
8 2 4 90 99 
7 2 4 90 98 


# From 1 to 4
2 2 5 10 3 
1 2 5 10 2 
2 2 5 40 36 
7 2 5 10 9 
1 2 5 30 23 
8 2 5 40 44 
2 2 5 60 58 
7 2 5 20 20 
3 2 5 30 26 
1 2 5 80 80 
8 2 5 60 66 
3 2 5 90 93 
2 2 5 70 68 
7 2 5 30 32 
3 2 5 40 38 
1 2 5 90 89 
8 2 5 70 76 
7 2 5 40 43 
8 2 5 80 87 
7 2 5 60 65 
7 2 5 80 85 


# From 1 to 5
2 2 6 10 3 
1 2 6 30 25 
2 2 6 40 35 
1 2 6 40 34 
2 2 6 60 59 
1 2 6 50 45 
2 2 6 70 68 
7 2 6 50 52 
1 2 6 60 57 
1 2 6 70 67 
2 2 6 90 90 
7 2 6 60 65 
8 2 6 80 88 
1 2 6 80 80 
8 2 6 100 110 
2 2 6 100 101 
3 2 6 60 60 
7 2 6 70 75 
5 2 6 80 83 
1 2 6 90 89 
7 2 6 100 109 
3 2 6 70 69 
4 2 6 70 71 
7 2 6 80 85 
5 2 6 90 96 
3 2 6 90 93 
1 2 6 100 100 
4 2 6 80 82 
5 2 6 100 106 
3 2 6 100 102 
4 2 6 100 104 


# From 1 to 6
2 2 7 10 3 
1 2 7 10 2 
2 2 7 40 35 
1 2 7 30 25 
1 2 7 50 45 
2 2 7 60 59 
6 2 7 30 31 
1 2 7 60 57 
6 2 7 70 74 
2 2 7 90 90 
6 2 7 40 41 
1 2 7 70 67 
6 2 7 100 107 
8 2 7 90 99 
2 2 7 100 101 
6 2 7 50 50 
8 2 7 80 87 
1 2 7 80 80 
8 2 7 100 110 
5 2 7 80 84 
1 2 7 90 89 
5 2 7 90 97 
3 2 7 90 93 
1 2 7 100 100 
5 2 7 100 106 
3 2 7 100 102 


# From 1 to 7
2 2 8 10 3 
1 2 8 10 2 
2 2 8 40 36 
7 2 8 10 10 
1 2 8 30 23 
2 2 8 70 68 
7 2 8 20 21 
3 2 8 30 27 
1 2 8 70 67 
2 2 8 90 90 
7 2 8 30 32 
3 2 8 40 38 
1 2 8 80 80 
2 2 8 100 101 
7 2 8 40 43 
3 2 8 50 46 
5 2 8 90 97 
1 2 8 100 100 
7 2 8 100 109 
7 2 8 50 52 
3 2 8 60 60 
5 2 8 100 106 
6 2 8 60 64 
7 2 8 60 65 
3 2 8 70 69 
6 2 8 70 72 
7 2 8 70 75 
3 2 8 90 93 
6 2 8 100 108 
4 2 8 70 71 
7 2 8 80 85 
3 2 8 100 102 
4 2 8 80 82 
4 2 8 100 104 


# From 2 to 0
3 3 1 20 12 
5 3 1 20 14 
3 3 1 30 26 
5 3 1 30 30 
3 3 1 40 38 
5 3 1 50 49 
8 3 1 50 53 
3 3 1 90 91 
5 3 1 60 63 
8 3 1 70 76 
3 3 1 100 102 
5 3 1 80 84 
8 3 1 80 87 
7 3 1 80 85 
5 3 1 90 94 
8 3 1 90 99 
7 3 1 100 109 
5 3 1 100 106 
8 3 1 100 110 
6 3 1 100 107 


# From 2 to 1
3 3 2 40 37 
3 3 2 50 46 
3 3 2 60 60 
6 3 2 60 64 
3 3 2 70 69 
6 3 2 70 72 
3 3 2 80 81 
4 3 2 80 82 


# From 2 to 3
3 3 4 50 47 
3 3 4 80 81 
3 3 4 90 92 
3 3 4 100 103 


# From 2 to 4
3 3 5 20 12 
3 3 5 30 26 
3 3 5 40 38 
8 3 5 40 44 
3 3 5 90 93 
8 3 5 60 66 
8 3 5 70 76 
1 3 5 80 80 
8 3 5 80 87 
1 3 5 90 89 


# From 2 to 5
3 3 6 20 12 
5 3 6 20 14 
3 3 6 30 26 
1 3 6 30 25 
5 3 6 30 30 
3 3 6 40 38 
1 3 6 40 34 
5 3 6 60 62 
8 3 6 40 44 
3 3 6 60 60 
1 3 6 50 45 
5 3 6 80 83 
8 3 6 60 66 
3 3 6 70 69 
7 3 6 50 52 
1 3 6 60 57 
5 3 6 90 96 
8 3 6 80 88 
3 3 6 90 93 
7 3 6 60 65 
1 3 6 70 67 
5 3 6 100 106 
8 3 6 100 110 
3 3 6 100 102 
7 3 6 70 75 
1 3 6 80 80 
1 3 6 100 100 
4 3 6 70 71 
7 3 6 80 85 
1 3 6 90 89 
4 3 6 80 82 
7 3 6 100 109 
2 3 6 90 90 
4 3 6 100 104 
2 3 6 100 101 


# From 2 to 6
3 3 7 20 12 
5 3 7 20 16 
3 3 7 30 26 
5 3 7 30 30 
3 3 7 40 38 
1 3 7 30 25 
5 3 7 50 49 
8 3 7 50 53 
3 3 7 50 47 
6 3 7 30 31 
1 3 7 50 45 
5 3 7 60 62 
8 3 7 60 66 
4 3 7 50 48 
3 3 7 60 60 
6 3 7 40 41 
1 3 7 60 57 
6 3 7 70 74 
5 3 7 80 84 
8 3 7 80 87 
4 3 7 70 71 
3 3 7 70 70 
6 3 7 50 50 
1 3 7 70 67 
6 3 7 100 107 
5 3 7 90 97 
8 3 7 90 99 
4 3 7 80 82 
3 3 7 80 81 
1 3 7 80 80 
5 3 7 100 106 
8 3 7 100 110 
2 3 7 90 90 
4 3 7 100 104 
3 3 7 90 93 
1 3 7 90 89 
2 3 7 100 101 
1 3 7 100 100 
3 3 7 100 102 


# From 2 to 7
3 3 8 20 12 
5 3 8 20 17 
3 3 8 30 27 
5 3 8 50 49 
3 3 8 40 38 
5 3 8 60 63 
3 3 8 50 46 
5 3 8 90 97 
2 3 8 70 68 
3 3 8 60 60 
5 3 8 100 106 
1 3 8 70 67 
2 3 8 90 90 
6 3 8 60 64 
3 3 8 70 69 
1 3 8 80 80 
2 3 8 100 101 
6 3 8 70 72 
3 3 8 90 93 
1 3 8 100 100 
7 3 8 100 109 
6 3 8 100 108 
3 3 8 100 102 


# From 3 to 0
4 4 1 10 4 
5 4 1 20 14 
4 4 1 20 13 
5 4 1 30 30 
2 4 1 40 35 
4 4 1 30 29 
5 4 1 50 49 
2 4 1 60 58 
6 4 1 30 31 
4 4 1 40 40 
8 4 1 50 53 
5 4 1 60 63 
3 4 1 90 91 
2 4 1 70 68 
7 4 1 30 32 
6 4 1 40 41 
4 4 1 50 48 
8 4 1 70 76 
5 4 1 80 84 
3 4 1 100 102 
2 4 1 90 90 
7 4 1 40 43 
6 4 1 50 50 
7 4 1 80 85 
4 4 1 100 104 
8 4 1 80 87 
5 4 1 90 94 
8 4 1 90 99 
2 4 1 100 101 
6 4 1 60 64 
7 4 1 100 109 
5 4 1 100 106 
8 4 1 100 110 
6 4 1 70 74 
6 4 1 100 107 


# From 3 to 1
4 4 2 10 4 
5 4 2 10 6 
4 4 2 20 13 
5 4 2 20 16 
4 4 2 30 28 
7 4 2 20 18 
5 4 2 30 30 
3 4 2 40 37 
4 4 2 40 40 
7 4 2 40 43 
1 4 2 30 23 
5 4 2 50 49 
3 4 2 50 46 
8 4 2 50 54 
4 4 2 50 48 
7 4 2 50 52 
1 4 2 40 34 
5 4 2 60 61 
3 4 2 60 60 
8 4 2 60 66 
4 4 2 80 82 
6 4 2 60 64 
7 4 2 60 65 
1 4 2 50 45 
5 4 2 80 84 
3 4 2 70 69 
8 4 2 70 77 
6 4 2 70 72 
7 4 2 70 75 
1 4 2 60 56 
7 4 2 80 86 
3 4 2 80 81 
8 4 2 80 87 
1 4 2 70 67 
1 4 2 80 79 


# From 3 to 2
4 4 3 30 28 
4 4 3 40 39 
6 4 3 40 41 
4 4 3 50 48 
1 4 3 80 78 
6 4 3 50 50 
7 4 3 60 65 
4 4 3 100 105 
1 4 3 90 89 
6 4 3 60 64 
7 4 3 80 85 
2 4 3 60 58 
6 4 3 70 73 
7 4 3 90 98 
2 4 3 70 68 
2 4 3 90 90 
8 4 3 90 99 


# From 3 to 4
4 4 5 10 4 
4 4 5 30 28 
3 4 5 30 26 
4 4 5 40 40 
3 4 5 40 38 
8 4 5 40 44 
4 4 5 50 48 
3 4 5 90 93 
8 4 5 60 66 
7 4 5 60 65 
4 4 5 70 71 
8 4 5 70 76 
7 4 5 80 85 
6 4 5 70 73 
1 4 5 80 80 
8 4 5 80 87 
1 4 5 90 89 


# From 3 to 5
4 4 6 10 5 
4 4 6 30 29 
4 4 6 40 39 
4 4 6 50 48 
7 4 6 50 52 
4 4 6 70 71 
7 4 6 60 65 
4 4 6 80 82 
3 4 6 60 60 
7 4 6 70 75 
2 4 6 90 90 
4 4 6 100 104 
3 4 6 70 69 
7 4 6 80 85 
8 4 6 100 110 
2 4 6 100 101 
1 4 6 100 100 
3 4 6 90 93 
1 4 6 80 80 
7 4 6 100 109 
5 4 6 90 96 
3 4 6 100 102 
5 4 6 80 83 
1 4 6 90 89 
5 4 6 100 106 


# From 3 to 6
4 4 7 10 5 
6 4 7 30 31 
4 4 7 30 29 
6 4 7 40 41 
4 4 7 40 39 
1 4 7 50 45 
6 4 7 50 50 
4 4 7 50 48 
1 4 7 60 57 
6 4 7 70 74 
4 4 7 70 71 
1 4 7 70 67 
6 4 7 100 107 
4 4 7 80 82 
8 4 7 80 87 
1 4 7 80 80 
2 4 7 90 90 
4 4 7 100 104 
5 4 7 80 84 
8 4 7 90 99 
1 4 7 90 89 
2 4 7 100 101 
1 4 7 100 100 
5 4 7 90 97 
8 4 7 100 110 
3 4 7 90 93 
5 4 7 100 106 
3 4 7 100 102 


# From 3 to 7
4 4 8 10 4 
5 4 8 20 17 
4 4 8 20 13 
5 4 8 50 49 
2 4 8 40 36 
4 4 8 30 28 
5 4 8 60 63 
2 4 8 70 68 
3 4 8 30 27 
4 4 8 40 40 
5 4 8 90 97 
1 4 8 70 67 
2 4 8 90 90 
3 4 8 40 38 
4 4 8 50 48 
5 4 8 100 106 
1 4 8 80 80 
2 4 8 100 101 
3 4 8 50 46 
7 4 8 50 52 
4 4 8 70 71 
1 4 8 100 100 
7 4 8 100 109 
3 4 8 60 60 
6 4 8 60 64 
7 4 8 60 65 
6 4 8 70 72 
4 4 8 80 82 
3 4 8 70 69 
7 4 8 70 75 
6 4 8 100 108 
4 4 8 100 104 
3 4 8 90 93 
7 4 8 80 85 
3 4 8 100 102 


# From 4 to 0
5 5 1 20 14 
5 5 1 30 30 
5 5 1 50 49 
8 5 1 50 53 
5 5 1 60 63 
8 5 1 70 76 
5 5 1 80 84 
8 5 1 80 87 
7 5 1 80 85 
5 5 1 90 94 
8 5 1 90 99 
7 5 1 100 109 
3 5 1 90 91 
5 5 1 100 106 
8 5 1 100 110 
3 5 1 100 102 
6 5 1 100 107 


# From 4 to 1
5 5 2 10 6 
5 5 2 20 16 
7 5 2 20 18 
5 5 2 30 30 
7 5 2 40 43 
1 5 2 30 23 
5 5 2 50 49 
7 5 2 50 52 
3 5 2 40 37 
1 5 2 40 34 
8 5 2 50 54 
5 5 2 60 61 
6 5 2 60 64 
7 5 2 60 65 
3 5 2 50 46 
1 5 2 50 45 
8 5 2 60 66 
5 5 2 80 84 
6 5 2 70 72 
3 5 2 60 60 
7 5 2 70 75 
1 5 2 60 56 
8 5 2 70 77 
7 5 2 80 86 
3 5 2 70 69 
4 5 2 80 82 
1 5 2 70 67 
8 5 2 80 87 
3 5 2 80 81 
1 5 2 80 79 


# From 4 to 2
5 5 3 20 16 
7 5 3 20 19 
5 5 3 30 30 
7 5 3 30 32 
1 5 3 30 23 
5 5 3 50 49 
7 5 3 60 65 
1 5 3 80 78 
8 5 3 50 53 
5 5 3 60 61 
7 5 3 80 85 
1 5 3 90 89 
8 5 3 60 66 
2 5 3 60 58 
5 5 3 90 94 
7 5 3 90 98 
8 5 3 70 76 
2 5 3 70 68 
4 5 3 100 105 
8 5 3 80 87 
2 5 3 90 90 
8 5 3 90 99 


# From 4 to 3
5 5 4 20 15 
5 5 4 30 30 
1 5 4 30 24 
5 5 4 50 49 
1 5 4 50 45 
8 5 4 50 55 
5 5 4 60 61 
7 5 4 50 51 
1 5 4 60 56 
8 5 4 60 66 
2 5 4 60 58 
5 5 4 80 84 
7 5 4 70 75 
1 5 4 80 79 
8 5 4 70 76 
3 5 4 80 81 
2 5 4 70 68 
7 5 4 80 86 
5 5 4 90 95 
1 5 4 90 89 
8 5 4 80 87 
3 5 4 90 92 
2 5 4 90 90 
7 5 4 90 98 
8 5 4 90 99 
3 5 4 100 103 


# From 4 to 5
5 5 6 20 14 
1 5 6 30 25 
5 5 6 30 30 
1 5 6 40 34 
5 5 6 60 62 
1 5 6 50 45 
5 5 6 80 83 
7 5 6 50 52 
1 5 6 60 57 
5 5 6 90 96 
7 5 6 60 65 
1 5 6 70 67 
5 5 6 100 106 
3 5 6 60 60 
7 5 6 70 75 
8 5 6 80 88 
1 5 6 80 80 
8 5 6 100 110 
3 5 6 70 69 
4 5 6 70 71 
7 5 6 80 85 
1 5 6 90 89 
3 5 6 90 93 
4 5 6 80 82 
7 5 6 100 109 
1 5 6 100 100 
3 5 6 100 102 
2 5 6 90 90 
4 5 6 100 104 
2 5 6 100 101 


# From 4 to 6
5 5 7 20 16 
5 5 7 30 30 
1 5 7 30 25 
5 5 7 50 49 
6 5 7 30 31 
1 5 7 50 45 
8 5 7 50 53 
5 5 7 60 62 
6 5 7 40 41 
1 5 7 60 57 
8 5 7 60 66 
6 5 7 70 74 
5 5 7 80 84 
6 5 7 50 50 
1 5 7 70 67 
8 5 7 80 87 
6 5 7 100 107 
5 5 7 90 97 
1 5 7 80 80 
8 5 7 90 99 
5 5 7 100 106 
1 5 7 90 89 
8 5 7 100 110 
3 5 7 90 93 
1 5 7 100 100 
3 5 7 100 102 


# From 4 to 7
5 5 8 20 17 
5 5 8 50 49 
5 5 8 60 63 
5 5 8 90 97 
5 5 8 100 106 


# From 5 to 0
6 6 1 10 7 
4 6 1 10 4 
6 6 1 30 31 
5 6 1 20 14 
4 6 1 20 13 
7 6 1 30 32 
6 6 1 40 41 
5 6 1 30 30 
2 6 1 40 35 
4 6 1 30 29 
7 6 1 40 43 
6 6 1 50 50 
5 6 1 50 49 
2 6 1 60 58 
4 6 1 40 40 
7 6 1 80 85 
6 6 1 60 64 
8 6 1 50 53 
5 6 1 60 63 
3 6 1 90 91 
2 6 1 70 68 
4 6 1 50 48 
7 6 1 100 109 
6 6 1 70 74 
8 6 1 70 76 
5 6 1 80 84 
3 6 1 100 102 
2 6 1 90 90 
4 6 1 100 104 
6 6 1 100 107 
8 6 1 80 87 
5 6 1 90 94 
8 6 1 90 99 
2 6 1 100 101 
5 6 1 100 106 
8 6 1 100 110 


# From 5 to 1
6 6 2 10 7 
4 6 2 10 4 
6 6 2 30 31 
5 6 2 10 6 
4 6 2 20 13 
7 6 2 40 43 
6 6 2 60 64 
5 6 2 20 16 
4 6 2 30 28 
7 6 2 50 52 
6 6 2 70 72 
7 6 2 20 18 
5 6 2 30 30 
3 6 2 40 37 
4 6 2 40 40 
7 6 2 60 65 
1 6 2 30 23 
5 6 2 50 49 
3 6 2 50 46 
8 6 2 50 54 
4 6 2 50 48 
3 6 2 60 60 
7 6 2 70 75 
1 6 2 40 34 
5 6 2 60 61 
8 6 2 60 66 
4 6 2 80 82 
3 6 2 70 69 
7 6 2 80 86 
1 6 2 50 45 
5 6 2 80 84 
8 6 2 70 77 
3 6 2 80 81 
1 6 2 60 56 
8 6 2 80 87 
1 6 2 70 67 
1 6 2 80 79 


# From 5 to 2
6 6 3 10 7 
4 6 3 30 28 
6 6 3 30 31 
4 6 3 40 39 
7 6 3 30 32 
6 6 3 40 41 
4 6 3 50 48 
1 6 3 30 23 
7 6 3 60 65 
1 6 3 80 78 
6 6 3 50 50 
4 6 3 100 105 
7 6 3 80 85 
1 6 3 90 89 
6 6 3 60 64 
7 6 3 90 98 
2 6 3 60 58 
6 6 3 70 73 
2 6 3 70 68 
2 6 3 90 90 
8 6 3 90 99 


# From 5 to 3
6 6 4 10 7 
6 6 4 30 31 
7 6 4 30 32 
6 6 4 40 42 
1 6 4 30 24 
7 6 4 50 51 
6 6 4 50 50 
1 6 4 50 45 
7 6 4 70 75 
6 6 4 60 64 
1 6 4 60 56 
7 6 4 80 86 
2 6 4 60 58 
6 6 4 70 74 
1 6 4 80 79 
7 6 4 90 98 
3 6 4 80 81 
2 6 4 70 68 
1 6 4 90 89 
3 6 4 90 92 
2 6 4 90 90 
3 6 4 100 103 
8 6 4 90 99 


# From 5 to 4
6 6 5 10 7 
4 6 5 10 4 
6 6 5 30 31 
4 6 5 30 28 
7 6 5 30 32 
6 6 5 40 41 
3 6 5 30 26 
4 6 5 40 40 
1 6 5 30 23 
7 6 5 40 43 
1 6 5 80 80 
6 6 5 50 50 
3 6 5 40 38 
8 6 5 40 44 
4 6 5 50 48 
2 6 5 40 36 
7 6 5 60 65 
1 6 5 90 89 
6 6 5 60 64 
3 6 5 90 93 
8 6 5 60 66 
4 6 5 70 71 
2 6 5 60 58 
7 6 5 80 85 
6 6 5 70 73 
8 6 5 70 76 
2 6 5 70 68 
8 6 5 80 87 


# From 5 to 6
6 6 7 30 31 
6 6 7 40 41 
1 6 7 50 45 
6 6 7 50 50 
1 6 7 60 57 
6 6 7 70 74 
1 6 7 70 67 
6 6 7 100 107 
8 6 7 80 87 
1 6 7 80 80 
5 6 7 80 84 
8 6 7 90 99 
1 6 7 90 89 
5 6 7 90 97 
8 6 7 100 110 
3 6 7 90 93 
1 6 7 100 100 
5 6 7 100 106 
3 6 7 100 102 


# From 5 to 7
6 6 8 10 7 
4 6 8 10 4 
6 6 8 30 31 
5 6 8 20 17 
4 6 8 20 13 
7 6 8 30 32 
6 6 8 40 41 
5 6 8 50 49 
2 6 8 40 36 
4 6 8 30 28 
1 6 8 30 23 
7 6 8 40 43 
1 6 8 70 67 
6 6 8 60 64 
5 6 8 60 63 
2 6 8 70 68 
3 6 8 30 27 
4 6 8 40 40 
7 6 8 50 52 
1 6 8 80 80 
6 6 8 70 72 
5 6 8 90 97 
2 6 8 90 90 
3 6 8 40 38 
4 6 8 50 48 
7 6 8 60 65 
1 6 8 100 100 
6 6 8 100 108 
5 6 8 100 106 
2 6 8 100 101 
3 6 8 50 46 
4 6 8 70 71 
3 6 8 60 60 
7 6 8 70 75 
7 6 8 100 109 
4 6 8 80 82 
3 6 8 70 69 
7 6 8 80 85 
4 6 8 100 104 
3 6 8 90 93 
3 6 8 100 102 


# From 6 to 0
7 7 1 10 10 
8 7 1 10 11 
7 7 1 20 20 
8 7 1 20 22 
5 7 1 20 14 
7 7 1 30 32 
8 7 1 50 53 
5 7 1 30 30 
7 7 1 40 43 
8 7 1 70 76 
5 7 1 50 49 
2 7 1 40 35 
7 7 1 80 85 
8 7 1 80 87 
5 7 1 60 63 
2 7 1 60 58 
7 7 1 100 109 
5 7 1 80 84 
8 7 1 90 99 
3 7 1 90 91 
2 7 1 70 68 
5 7 1 90 94 
8 7 1 100 110 
3 7 1 100 102 
2 7 1 90 90 
5 7 1 100 106 
6 7 1 100 107 
2 7 1 100 101 


# From 6 to 1
7 7 2 10 8 
7 7 2 20 18 
7 7 2 40 43 
7 7 2 50 52 
6 7 2 60 64 
7 7 2 60 65 
6 7 2 70 72 
3 7 2 60 60 
7 7 2 70 75 
3 7 2 70 69 
4 7 2 80 82 
7 7 2 80 86 
3 7 2 80 81 


# From 6 to 2
7 7 3 20 19 
7 7 3 30 32 
1 7 3 30 23 
7 7 3 60 65 
1 7 3 80 78 
7 7 3 80 85 
1 7 3 90 89 
7 7 3 90 98 
4 7 3 100 105 


# From 6 to 3
7 7 4 30 32 
1 7 4 30 24 
7 7 4 50 51 
1 7 4 50 45 
7 7 4 70 75 
1 7 4 60 56 
7 7 4 80 86 
1 7 4 80 79 
7 7 4 90 98 
1 7 4 90 89 
3 7 4 90 92 
3 7 4 100 103 


# From 6 to 4
7 7 5 10 9 
7 7 5 20 20 
7 7 5 30 32 
1 7 5 30 23 
7 7 5 40 43 
3 7 5 30 26 
1 7 5 80 80 
2 7 5 40 36 
7 7 5 60 65 
3 7 5 40 38 
1 7 5 90 89 
8 7 5 40 44 
2 7 5 60 58 
3 7 5 90 93 
7 7 5 80 85 
8 7 5 60 66 
2 7 5 70 68 
8 7 5 70 76 
8 7 5 80 87 


# From 6 to 5
7 7 6 10 9 
5 7 6 20 14 
7 7 6 20 20 
1 7 6 30 25 
5 7 6 30 30 
7 7 6 30 32 
1 7 6 40 34 
5 7 6 60 62 
7 7 6 50 52 
1 7 6 50 45 
5 7 6 80 83 
7 7 6 60 65 
1 7 6 60 57 
5 7 6 90 96 
3 7 6 60 60 
7 7 6 70 75 
1 7 6 70 67 
5 7 6 100 106 
3 7 6 70 69 
4 7 6 70 71 
7 7 6 80 85 
8 7 6 80 88 
1 7 6 80 80 
8 7 6 100 110 
3 7 6 90 93 
4 7 6 80 82 
7 7 6 100 109 
1 7 6 90 89 
3 7 6 100 102 
2 7 6 90 90 
4 7 6 100 104 
1 7 6 100 100 
2 7 6 100 101 


# From 6 to 7
7 7 8 10 10 
7 7 8 20 21 
7 7 8 30 32 
1 7 8 30 23 
7 7 8 40 43 
3 7 8 30 27 
1 7 8 70 67 
2 7 8 40 36 
7 7 8 50 52 
3 7 8 40 38 
1 7 8 80 80 
2 7 8 70 68 
6 7 8 60 64 
7 7 8 60 65 
3 7 8 50 46 
5 7 8 90 97 
1 7 8 100 100 
2 7 8 90 90 
6 7 8 70 72 
3 7 8 60 60 
7 7 8 70 75 
5 7 8 100 106 
2 7 8 100 101 
6 7 8 100 108 
3 7 8 70 69 
4 7 8 70 71 
7 7 8 80 85 
7 7 8 100 109 
3 7 8 90 93 
4 7 8 80 82 
3 7 8 100 102 
4 7 8 100 104 


# From 7 to 0
8 8 1 10 11 
8 8 1 20 22 
7 8 1 20 20 
8 8 1 50 53 
5 8 1 20 14 
7 8 1 30 32 
8 8 1 70 76 
5 8 1 30 30 
7 8 1 40 43 
8 8 1 80 87 
5 8 1 50 49 
2 8 1 40 35 
7 8 1 80 85 
5 8 1 80 84 
8 8 1 90 99 
5 8 1 60 63 
2 8 1 60 58 
7 8 1 100 109 
5 8 1 90 94 
8 8 1 100 110 
3 8 1 90 91 
2 8 1 70 68 
5 8 1 100 106 
6 8 1 100 107 
3 8 1 100 102 
2 8 1 90 90 
2 8 1 100 101 


# From 7 to 1
8 8 2 10 11 
1 8 2 10 1 
8 8 2 20 22 
1 8 2 30 23 
7 8 2 20 18 
8 8 2 30 33 
3 8 2 40 37 
1 8 2 40 34 
7 8 2 40 43 
8 8 2 50 54 
3 8 2 50 46 
6 8 2 60 64 
1 8 2 50 45 
7 8 2 50 52 
8 8 2 60 66 
3 8 2 60 60 
6 8 2 70 72 
1 8 2 60 56 
7 8 2 60 65 
5 8 2 60 61 
8 8 2 70 77 
3 8 2 70 69 
4 8 2 80 82 
1 8 2 70 67 
7 8 2 70 75 
5 8 2 80 84 
8 8 2 80 87 
3 8 2 80 81 
1 8 2 80 79 
7 8 2 80 86 


# From 7 to 2
8 8 3 10 11 
1 8 3 10 2 
8 8 3 20 22 
7 8 3 20 19 
1 8 3 30 23 
8 8 3 30 33 
7 8 3 30 32 
1 8 3 80 78 
8 8 3 50 53 
7 8 3 60 65 
1 8 3 90 89 
8 8 3 60 66 
7 8 3 80 85 
5 8 3 60 61 
8 8 3 70 76 
7 8 3 90 98 
2 8 3 60 58 
5 8 3 90 94 
8 8 3 80 87 
4 8 3 100 105 
2 8 3 70 68 
8 8 3 90 99 
2 8 3 90 90 


# From 7 to 3
8 8 4 10 11 
1 8 4 30 24 
8 8 4 20 22 
1 8 4 50 45 
7 8 4 30 32 
8 8 4 30 33 
7 8 4 50 51 
1 8 4 60 56 
3 8 4 50 47 
8 8 4 50 55 
7 8 4 70 75 
1 8 4 80 79 
3 8 4 80 81 
8 8 4 60 66 
7 8 4 80 86 
1 8 4 90 89 
3 8 4 90 92 
5 8 4 60 61 
8 8 4 70 76 
7 8 4 90 98 
3 8 4 100 103 
2 8 4 60 58 
5 8 4 80 84 
8 8 4 80 87 
2 8 4 70 68 
5 8 4 90 95 
8 8 4 90 99 
2 8 4 90 90 


# From 7 to 4
8 8 5 40 44 
8 8 5 60 66 
8 8 5 70 76 
1 8 5 80 80 
8 8 5 80 87 
1 8 5 90 89 
3 8 5 90 93 


# From 7 to 5
8 8 6 10 11 
1 8 6 30 25 
8 8 6 20 22 
1 8 6 40 34 
7 8 6 20 20 
8 8 6 30 33 
1 8 6 50 45 
5 8 6 20 14 
7 8 6 30 32 
3 8 6 30 26 
8 8 6 40 44 
7 8 6 50 52 
1 8 6 60 57 
5 8 6 30 30 
3 8 6 40 38 
5 8 6 60 62 
8 8 6 60 66 
7 8 6 60 65 
1 8 6 70 67 
3 8 6 60 60 
5 8 6 80 83 
8 8 6 80 88 
7 8 6 70 75 
1 8 6 80 80 
3 8 6 70 69 
5 8 6 90 96 
8 8 6 100 110 
4 8 6 70 71 
7 8 6 80 85 
1 8 6 90 89 
3 8 6 90 93 
5 8 6 100 106 
4 8 6 80 82 
7 8 6 100 109 
1 8 6 100 100 
3 8 6 100 102 
2 8 6 90 90 
4 8 6 100 104 
2 8 6 100 101 


# From 7 to 6
8 8 7 10 11 
1 8 7 10 2 
8 8 7 20 22 
1 8 7 30 25 
8 8 7 30 33 
6 8 7 30 31 
1 8 7 50 45 
3 8 7 30 26 
8 8 7 50 53 
6 8 7 40 41 
1 8 7 60 57 
5 8 7 30 30 
3 8 7 40 38 
8 8 7 60 66 
6 8 7 50 50 
1 8 7 70 67 
5 8 7 50 49 
3 8 7 50 47 
5 8 7 60 62 
8 8 7 80 87 
6 8 7 70 74 
1 8 7 80 80 
4 8 7 50 48 
3 8 7 60 60 
5 8 7 80 84 
8 8 7 90 99 
6 8 7 100 107 
1 8 7 90 89 
4 8 7 70 71 
3 8 7 70 70 
5 8 7 90 97 
8 8 7 100 110 
3 8 7 90 93 
1 8 7 100 100 
4 8 7 80 82 
3 8 7 80 81 
5 8 7 100 106 
3 8 7 100 102 
2 8 7 90 90 
4 8 7 100 104 
2 8 7 100 101 


