
current time: 60

------------------------------------------- BUNDLE -------------------------------------------

Destination     SenderNode      Size            Deadline        Bundle EVC      DlvConfidence
10              0               0               9000025         36              1.00
PriorityLevel   Ordinal         Critical        ReturnToSender  Probe           Fragmentable
Normal          0               no              no              no              no

Excluded neighbors: 

----------------------------------------------------------------------------------------------

----------------------------------------------------- CONTACTS GRAPH -----------------------------------------------------
Time: 60
Region          FromNode        ToNode          FromTime        ToTime          XmitRate        Confidence      Citations
1               1               13              80              100             1000            1.00            0
1               1               13              120             140             1000            1.00            0
1               1               13              160             180             1000            1.00            0
1               2               1               60              70              1000            1.00            0
1               2               5               120             130             1000            1.00            0
1               3               4               60              70              1000            1.00            0
1               4               14              80              100             1000            1.00            0
1               4               14              120             140             1000            1.00            0
1               4               14              160             180             1000            1.00            0
1               5               6               60              70              1000            1.00            0
1               5               6               80              90              1000            1.00            0
1               5               14              80              100             1000            1.00            0
1               5               14              120             140             1000            1.00            0
1               5               14              160             180             1000            1.00            0
1               6               3               80              90              1000            1.00            0
1               6               9               70              80              1000            1.00            0
1               6               10              60              70              1000            1.00            0
1               6               15              80              100             1000            1.00            0
1               6               15              120             140             1000            1.00            0
1               6               15              160             180             1000            1.00            0
1               7               3               60              70              1000            1.00            0
1               7               6               70              80              1000            1.00            0
1               8               4               120             130             1000            1.00            0
1               8               7               60              70              1000            1.00            0
1               9               6               70              80              1000            1.00            0
1               10              11              60              70              1000            1.00            0
1               10              13              80              100             1000            1.00            0
1               10              13              120             140             1000            1.00            0
1               10              13              160             180             1000            1.00            0
1               12              7               70              80              1000            1.00            0
1               12              8               100             110             1000            1.00            0
1               12              15              80              100             1000            1.00            0
1               12              15              120             140             1000            1.00            0
1               12              15              160             180             1000            1.00            0
1               13              1               80              100             1000            1.00            0
1               13              1               120             140             1000            1.00            0
1               13              1               160             180             1000            1.00            0
1               13              10              80              100             1000            1.00            0
1               13              10              120             140             1000            1.00            0
1               13              10              160             180             1000            1.00            0
1               14              4               80              100             1000            1.00            0
1               14              4               120             140             1000            1.00            0
1               14              4               160             180             1000            1.00            0
1               14              5               80              100             1000            1.00            0
1               14              5               120             140             1000            1.00            0
1               14              5               160             180             1000            1.00            0
1               15              6               80              100             1000            1.00            0
1               15              6               120             140             1000            1.00            0
1               15              6               160             180             1000            1.00            0
1               15              12              80              100             1000            1.00            0
1               15              12              120             140             1000            1.00            0
1               15              12              160             180             1000            1.00            0

--------------------------------------------------------------------------------------------------------------------------

---------------------------- RANGES GRAPH ----------------------------
Time: 60
FromNode        ToNode          FromTime        ToTime          OWLT
1               13              80              100             0
1               13              120             140             0
1               13              160             180             0
2               1               60              70              0
2               5               120             130             0
3               4               60              70              0
4               14              80              100             0
4               14              120             140             0
4               14              160             180             0
5               6               60              70              0
5               6               80              90              0
5               14              80              100             0
5               14              120             140             0
5               14              160             180             0
6               3               80              90              0
6               9               70              80              0
6               10              60              70              0
6               15              80              100             0
6               15              120             140             0
6               15              160             180             0
7               3               60              70              0
7               6               70              80              0
8               4               120             130             0
8               7               60              70              0
9               6               70              80              0
10              11              60              70              0
10              13              80              100             0
10              13              120             140             0
10              13              160             180             0
12              7               70              80              0
12              8               100             110             0
12              15              80              100             0
12              15              120             140             0
12              15              160             180             0
13              1               80              100             0
13              1               120             140             0
13              1               160             180             0
13              10              80              100             0
13              10              120             140             0
13              10              160             180             0
14              4               80              100             0
14              4               120             140             0
14              4               160             180             0
14              5               80              100             0
14              5               120             140             0
14              5               160             180             0
15              6               80              100             0
15              6               120             140             0
15              6               160             180             0
15              12              80              100             0
15              12              120             140             0
15              12              160             180             0

----------------------------------------------------------------------

--------------------------------------------------------- PHASE ONE: COMPUTED ROUTES ----------------------------------------------------------

0 computed routes.

-----------------------------------------------------------------------------------------------------------------------------------------------

--------------------------------------------------------- PHASE TWO: CANDIDATE ROUTES ---------------------------------------------------------

0 candidate routes.

-----------------------------------------------------------------------------------------------------------------------------------------------

------------ PHASE THREE: BEST ROUTES ------------

0 best routes.

--------------------------------------------------
