
current time: 100

------------------------------------------- BUNDLE -------------------------------------------

Destination     SenderNode      Size            Deadline        Bundle EVC      DlvConfidence
4               12              0               9000035         36              1.00
PriorityLevel   Ordinal         Critical        ReturnToSender  Probe           Fragmentable
Normal          0               no              no              no              no

Excluded neighbors: 

----------------------------------------------------------------------------------------------

----------------------------------------------------- CONTACTS GRAPH -----------------------------------------------------
Time: 100
Region          FromNode        ToNode          FromTime        ToTime          XmitRate        Confidence      Citations
1               1               13              120             140             1000            1.00            0
1               1               13              160             180             1000            1.00            0
1               2               5               120             130             1000            1.00            0
1               4               14              120             140             1000            1.00            0
1               4               14              160             180             1000            1.00            0
1               5               14              120             140             1000            1.00            0
1               5               14              160             180             1000            1.00            0
1               6               15              120             140             1000            1.00            0
1               6               15              160             180             1000            1.00            0
1               8               4               120             130             1000            1.00            0
1               10              13              120             140             1000            1.00            0
1               10              13              160             180             1000            1.00            0
1               12              8               100             110             1000            1.00            0
1               12              15              120             140             1000            1.00            0
1               12              15              160             180             1000            1.00            0
1               13              1               120             140             1000            1.00            0
1               13              1               160             180             1000            1.00            0
1               13              10              120             140             1000            1.00            0
1               13              10              160             180             1000            1.00            0
1               14              4               120             140             1000            1.00            0
1               14              4               160             180             1000            1.00            0
1               14              5               120             140             1000            1.00            0
1               14              5               160             180             1000            1.00            0
1               15              6               120             140             1000            1.00            0
1               15              6               160             180             1000            1.00            0
1               15              12              120             140             1000            1.00            0
1               15              12              160             180             1000            1.00            0

--------------------------------------------------------------------------------------------------------------------------

---------------------------- RANGES GRAPH ----------------------------
Time: 100
FromNode        ToNode          FromTime        ToTime          OWLT
1               13              120             140             0
1               13              160             180             0
2               5               120             130             0
4               14              120             140             0
4               14              160             180             0
5               14              120             140             0
5               14              160             180             0
6               15              120             140             0
6               15              160             180             0
8               4               120             130             0
10              13              120             140             0
10              13              160             180             0
12              8               100             110             0
12              15              120             140             0
12              15              160             180             0
13              1               120             140             0
13              1               160             180             0
13              10              120             140             0
13              10              160             180             0
14              4               120             140             0
14              4               160             180             0
14              5               120             140             0
14              5               160             180             0
15              6               120             140             0
15              6               160             180             0
15              12              120             140             0
15              12              160             180             0

----------------------------------------------------------------------

--------------------------------------------------------- PHASE ONE: COMPUTED ROUTES ----------------------------------------------------------

1) ComputedAtTime: 100
Neighbor        FromTime        ToTime          ArrivalTime     OwltSum         Confidence      Children        Father          Hops            SP
4               120             130             120             0               1.00            0               no              1               0.200000
FromNode        ToNode          FromTime        ToTime          XmitRate        Confidence      MTV[Bulk]       MTV[Normal]     MTV[Expedited]
8               4               120             130             1000            1.00            10000           10000           10000

-----------------------------------------------------------------------------------------------------------------------------------------------

--------------------------------------------------------- PHASE TWO: CANDIDATE ROUTES ---------------------------------------------------------

Route n.        ETO             PBAT            RVL             Overbooked (G)  Overbooked (U)  Protected (G)   Protected (U)
1)              120             120             10000           0               0               0               0

-----------------------------------------------------------------------------------------------------------------------------------------------

------------ PHASE THREE: BEST ROUTES ------------

Route n.        Neighbor
1)              4

--------------------------------------------------
