
current time: 55

------------------------------------------- BUNDLE -------------------------------------------

Destination     SenderNode      Size            Deadline        Bundle EVC      DlvConfidence
3               0               0               9000055         36              0.00
PriorityLevel   Ordinal         Critical        ReturnToSender  Probe           Fragmentable
Normal          0               no              no              no              no

Excluded neighbors: 

----------------------------------------------------------------------------------------------

----------------------------------------------------- CONTACTS GRAPH -----------------------------------------------------
Time: 55
Region          FromNode        ToNode          FromTime        ToTime          XmitRate        Confidence      Citations
1               1               13              40              60              1000            1.00            0
1               1               13              80              100             1000            1.00            0
1               1               13              120             140             1000            1.00            0
1               1               13              160             180             1000            1.00            0
1               2               1               60              70              1000            1.00            0
1               2               5               120             130             1000            1.00            0
1               2               6               50              60              1000            1.00            0
1               3               2               50              60              1000            1.00            0
1               3               4               60              70              1000            1.00            0
1               4               3               50              60              1000            1.00            0
1               4               14              40              60              1000            1.00            0
1               4               14              80              100             1000            1.00            0
1               4               14              120             140             1000            1.00            0
1               4               14              160             180             1000            1.00            0
1               5               6               60              70              1000            1.00            0
1               5               6               80              90              1000            1.00            0
1               5               14              40              60              1000            1.00            0
1               5               14              80              100             1000            1.00            0
1               5               14              120             140             1000            1.00            0
1               5               14              160             180             1000            1.00            0
1               6               3               80              90              1000            1.00            0
1               6               9               70              80              1000            1.00            0
1               6               10              60              70              1000            1.00            0
1               6               15              40              60              1000            1.00            0
1               6               15              80              100             1000            1.00            0
1               6               15              120             140             1000            1.00            0
1               6               15              160             180             1000            1.00            0
1               7               3               60              70              1000            1.00            0
1               7               6               70              80              1000            1.00            0
1               8               4               120             130             1000            1.00            0
1               8               7               60              70              1000            1.00            0
1               9               5               50              60              1000            1.00            0
1               9               6               70              80              1000            1.00            0
1               9               10              50              60              1000            1.00            0
1               10              7               50              60              1000            1.00            0
1               10              9               50              60              1000            1.00            0
1               10              11              60              70              1000            1.00            0
1               10              13              40              60              1000            1.00            0
1               10              13              80              100             1000            1.00            0
1               10              13              120             140             1000            1.00            0
1               10              13              160             180             1000            1.00            0
1               12              7               70              80              1000            1.00            0
1               12              8               100             110             1000            1.00            0
1               12              15              40              60              1000            1.00            0
1               12              15              80              100             1000            1.00            0
1               12              15              120             140             1000            1.00            0
1               12              15              160             180             1000            1.00            0
1               13              1               40              60              1000            1.00            0
1               13              1               80              100             1000            1.00            0
1               13              1               120             140             1000            1.00            0
1               13              1               160             180             1000            1.00            0
1               13              10              40              60              1000            1.00            0
1               13              10              80              100             1000            1.00            0
1               13              10              120             140             1000            1.00            0
1               13              10              160             180             1000            1.00            0
1               14              4               40              60              1000            1.00            0
1               14              4               80              100             1000            1.00            0
1               14              4               120             140             1000            1.00            0
1               14              4               160             180             1000            1.00            0
1               14              5               40              60              1000            1.00            0
1               14              5               80              100             1000            1.00            0
1               14              5               120             140             1000            1.00            0
1               14              5               160             180             1000            1.00            0
1               15              6               40              60              1000            1.00            0
1               15              6               80              100             1000            1.00            0
1               15              6               120             140             1000            1.00            0
1               15              6               160             180             1000            1.00            0
1               15              12              40              60              1000            1.00            0
1               15              12              80              100             1000            1.00            0
1               15              12              120             140             1000            1.00            0
1               15              12              160             180             1000            1.00            0

--------------------------------------------------------------------------------------------------------------------------

---------------------------- RANGES GRAPH ----------------------------
Time: 55
FromNode        ToNode          FromTime        ToTime          OWLT
1               13              40              60              0
1               13              80              100             0
1               13              120             140             0
1               13              160             180             0
2               1               60              70              0
2               5               120             130             0
2               6               50              60              0
3               2               50              60              0
3               4               60              70              0
4               3               50              60              0
4               14              40              60              0
4               14              80              100             0
4               14              120             140             0
4               14              160             180             0
5               6               60              70              0
5               6               80              90              0
5               14              40              60              0
5               14              80              100             0
5               14              120             140             0
5               14              160             180             0
6               3               80              90              0
6               9               70              80              0
6               10              60              70              0
6               15              40              60              0
6               15              80              100             0
6               15              120             140             0
6               15              160             180             0
7               3               60              70              0
7               6               70              80              0
8               4               120             130             0
8               7               60              70              0
9               5               50              60              0
9               6               70              80              0
9               10              50              60              0
10              7               50              60              0
10              9               50              60              0
10              11              60              70              0
10              13              40              60              0
10              13              80              100             0
10              13              120             140             0
10              13              160             180             0
12              7               70              80              0
12              8               100             110             0
12              15              40              60              0
12              15              80              100             0
12              15              120             140             0
12              15              160             180             0
13              1               40              60              0
13              1               80              100             0
13              1               120             140             0
13              1               160             180             0
13              10              40              60              0
13              10              80              100             0
13              10              120             140             0
13              10              160             180             0
14              4               40              60              0
14              4               80              100             0
14              4               120             140             0
14              4               160             180             0
14              5               40              60              0
14              5               80              100             0
14              5               120             140             0
14              5               160             180             0
15              6               40              60              0
15              6               80              100             0
15              6               120             140             0
15              6               160             180             0
15              12              40              60              0
15              12              80              100             0
15              12              120             140             0
15              12              160             180             0

----------------------------------------------------------------------

--------------------------------------------------------- PHASE ONE: COMPUTED ROUTES ----------------------------------------------------------

1) ComputedAtTime: 55
Neighbor        FromTime        ToTime          ArrivalTime     OwltSum         Confidence      Children        Father          Hops            SP
5               50              60              55              0               1.00            0               no              4               0.046400
FromNode        ToNode          FromTime        ToTime          XmitRate        Confidence      MTV[Bulk]       MTV[Normal]     MTV[Expedited]
9               5               50              60              1000            1.00            10000           10000           10000
5               14              40              60              1000            1.00            20000           20000           20000
14              4               40              60              1000            1.00            20000           20000           20000
4               3               50              60              1000            1.00            10000           10000           10000

2) ComputedAtTime: 55
Neighbor        FromTime        ToTime          ArrivalTime     OwltSum         Confidence      Children        Father          Hops            SP
10              50              60              60              0               1.00            0               no              3               0.041280
FromNode        ToNode          FromTime        ToTime          XmitRate        Confidence      MTV[Bulk]       MTV[Normal]     MTV[Expedited]
9               10              50              60              1000            1.00            10000           10000           10000
10              7               50              60              1000            1.00            10000           10000           10000
7               3               60              70              1000            1.00            10000           10000           10000

3) ComputedAtTime: 55
Neighbor        FromTime        ToTime          ArrivalTime     OwltSum         Confidence      Children        Father          Hops            SP
6               70              80              80              0               1.00            0               no              2               0.040000
FromNode        ToNode          FromTime        ToTime          XmitRate        Confidence      MTV[Bulk]       MTV[Normal]     MTV[Expedited]
9               6               70              80              1000            1.00            10000           10000           10000
6               3               80              90              1000            1.00            10000           10000           10000

-----------------------------------------------------------------------------------------------------------------------------------------------

--------------------------------------------------------- PHASE TWO: CANDIDATE ROUTES ---------------------------------------------------------

Route n.        ETO             PBAT            RVL             Overbooked (G)  Overbooked (U)  Protected (G)   Protected (U)
1)              55              55              5000            0               0               0               0
2)              55              60              5000            0               0               0               0
3)              70              80              10000           0               0               0               0

-----------------------------------------------------------------------------------------------------------------------------------------------

------------ PHASE THREE: BEST ROUTES ------------

Route n.        Neighbor
1)              5

--------------------------------------------------
