
current time: 130

------------------------------------------- BUNDLE -------------------------------------------

Destination     SenderNode      Size            Deadline        Bundle EVC      DlvConfidence
5               12              0               9000035         36              1.00
PriorityLevel   Ordinal         Critical        ReturnToSender  Probe           Fragmentable
Normal          0               no              no              no              no

Excluded neighbors: 

----------------------------------------------------------------------------------------------

----------------------------------------------------- CONTACTS GRAPH -----------------------------------------------------
Time: 130
Region          FromNode        ToNode          FromTime        ToTime          XmitRate        Confidence      Citations
1               1               13              120             140             1000            1.00            0
1               1               13              160             180             1000            1.00            0
1               4               14              120             140             1000            1.00            0
1               4               14              160             180             1000            1.00            0
1               5               14              120             140             1000            1.00            0
1               5               14              160             180             1000            1.00            0
1               6               15              120             140             1000            1.00            0
1               6               15              160             180             1000            1.00            0
1               10              13              120             140             1000            1.00            0
1               10              13              160             180             1000            1.00            0
1               12              15              120             140             1000            1.00            0
1               12              15              160             180             1000            1.00            0
1               13              1               120             140             1000            1.00            0
1               13              1               160             180             1000            1.00            0
1               13              10              120             140             1000            1.00            0
1               13              10              160             180             1000            1.00            0
1               14              4               120             140             1000            1.00            0
1               14              4               160             180             1000            1.00            0
1               14              5               120             140             1000            1.00            0
1               14              5               160             180             1000            1.00            0
1               15              6               120             140             1000            1.00            0
1               15              6               160             180             1000            1.00            0
1               15              12              120             140             1000            1.00            0
1               15              12              160             180             1000            1.00            0

--------------------------------------------------------------------------------------------------------------------------

---------------------------- RANGES GRAPH ----------------------------
Time: 130
FromNode        ToNode          FromTime        ToTime          OWLT
1               13              120             140             0
1               13              160             180             0
4               14              120             140             0
4               14              160             180             0
5               14              120             140             0
5               14              160             180             0
6               15              120             140             0
6               15              160             180             0
10              13              120             140             0
10              13              160             180             0
12              15              120             140             0
12              15              160             180             0
13              1               120             140             0
13              1               160             180             0
13              10              120             140             0
13              10              160             180             0
14              4               120             140             0
14              4               160             180             0
14              5               120             140             0
14              5               160             180             0
15              6               120             140             0
15              6               160             180             0
15              12              120             140             0
15              12              160             180             0

----------------------------------------------------------------------

--------------------------------------------------------- PHASE ONE: COMPUTED ROUTES ----------------------------------------------------------

0 computed routes.

-----------------------------------------------------------------------------------------------------------------------------------------------

--------------------------------------------------------- PHASE TWO: CANDIDATE ROUTES ---------------------------------------------------------

0 candidate routes.

-----------------------------------------------------------------------------------------------------------------------------------------------

------------ PHASE THREE: BEST ROUTES ------------

0 best routes.

--------------------------------------------------
