
current time: 90

------------------------------------------- BUNDLE -------------------------------------------

Destination     SenderNode      Size            Deadline        Bundle EVC      DlvConfidence
12              13              0               9000000         36              1.00
PriorityLevel   Ordinal         Critical        ReturnToSender  Probe           Fragmentable
Normal          0               no              no              no              no

Excluded neighbors: 

----------------------------------------------------------------------------------------------

----------------------------------------------------- CONTACTS GRAPH -----------------------------------------------------
Time: 90
Region          FromNode        ToNode          FromTime        ToTime          XmitRate        Confidence      Citations
1               1               13              80              100             1000            1.00            0
1               1               13              120             140             1000            1.00            0
1               1               13              160             180             1000            1.00            0
1               3               15              80              100             1000            1.00            0
1               3               15              120             140             1000            1.00            0
1               3               15              160             180             1000            1.00            0
1               5               14              80              100             1000            1.00            0
1               5               14              120             140             1000            1.00            0
1               5               14              160             180             1000            1.00            0
1               8               6               90              100             1000            1.00            0
1               8               7               90              100             1000            1.00            0
1               8               13              80              100             1000            1.00            0
1               8               13              120             140             1000            1.00            0
1               8               13              160             180             1000            1.00            0
1               9               15              80              100             1000            1.00            0
1               9               15              120             140             1000            1.00            0
1               9               15              160             180             1000            1.00            0
1               11              14              80              100             1000            1.00            0
1               11              14              120             140             1000            1.00            0
1               11              14              160             180             1000            1.00            0
1               12              4               100             110             1000            1.00            0
1               13              1               80              100             1000            1.00            0
1               13              1               120             140             1000            1.00            0
1               13              1               160             180             1000            1.00            0
1               13              8               80              100             1000            1.00            0
1               13              8               120             140             1000            1.00            0
1               13              8               160             180             1000            1.00            0
1               14              5               80              100             1000            1.00            0
1               14              5               120             140             1000            1.00            0
1               14              5               160             180             1000            1.00            0
1               14              11              80              100             1000            1.00            0
1               14              11              120             140             1000            1.00            0
1               14              11              160             180             1000            1.00            0
1               15              3               80              100             1000            1.00            0
1               15              3               120             140             1000            1.00            0
1               15              3               160             180             1000            1.00            0
1               15              9               80              100             1000            1.00            0
1               15              9               120             140             1000            1.00            0
1               15              9               160             180             1000            1.00            0

--------------------------------------------------------------------------------------------------------------------------

---------------------------- RANGES GRAPH ----------------------------
Time: 90
FromNode        ToNode          FromTime        ToTime          OWLT
1               13              80              100             0
1               13              120             140             0
1               13              160             180             0
3               15              80              100             0
3               15              120             140             0
3               15              160             180             0
5               14              80              100             0
5               14              120             140             0
5               14              160             180             0
8               6               90              100             0
8               7               90              100             0
8               13              80              100             0
8               13              120             140             0
8               13              160             180             0
9               15              80              100             0
9               15              120             140             0
9               15              160             180             0
11              14              80              100             0
11              14              120             140             0
11              14              160             180             0
12              4               100             110             0
13              1               80              100             0
13              1               120             140             0
13              1               160             180             0
13              8               80              100             0
13              8               120             140             0
13              8               160             180             0
14              5               80              100             0
14              5               120             140             0
14              5               160             180             0
14              11              80              100             0
14              11              120             140             0
14              11              160             180             0
15              3               80              100             0
15              3               120             140             0
15              3               160             180             0
15              9               80              100             0
15              9               120             140             0
15              9               160             180             0

----------------------------------------------------------------------

--------------------------------------------------------- PHASE ONE: COMPUTED ROUTES ----------------------------------------------------------

0 computed routes.

-----------------------------------------------------------------------------------------------------------------------------------------------

--------------------------------------------------------- PHASE TWO: CANDIDATE ROUTES ---------------------------------------------------------

0 candidate routes.

-----------------------------------------------------------------------------------------------------------------------------------------------

------------ PHASE THREE: BEST ROUTES ------------

0 best routes.

--------------------------------------------------
