
current time: 25

------------------------------------------- BUNDLE -------------------------------------------

Destination     SenderNode      Size            Deadline        Bundle EVC      DlvConfidence
3               0               0               9000025         36              0.00
PriorityLevel   Ordinal         Critical        ReturnToSender  Probe           Fragmentable
Normal          0               no              no              no              no

Excluded neighbors: 

----------------------------------------------------------------------------------------------

----------------------------------------------------- CONTACTS GRAPH -----------------------------------------------------
Time: 25
Region          FromNode        ToNode          FromTime        ToTime          XmitRate        Confidence      Citations
1               1               4               60              70              1000            1.00            0
1               1               13              40              60              1000            1.00            0
1               1               13              80              100             1000            1.00            0
1               1               13              120             140             1000            1.00            0
1               1               13              160             180             1000            1.00            0
1               2               3               70              80              1000            1.00            0
1               2               4               60              70              1000            1.00            0
1               2               5               50              60              1000            1.00            0
1               3               2               50              60              1000            1.00            0
1               3               5               30              40              1000            1.00            0
1               3               6               70              80              1000            1.00            0
1               3               15              40              60              1000            1.00            0
1               3               15              80              100             1000            1.00            0
1               3               15              120             140             1000            1.00            0
1               3               15              160             180             1000            1.00            0
1               4               1               30              40              1000            1.00            0
1               4               8               70              80              1000            1.00            0
1               5               1               50              60              1000            1.00            0
1               5               2               50              60              1000            1.00            0
1               5               3               50              60              1000            1.00            0
1               5               6               20              30              1000            1.00            0
1               5               6               40              50              1000            1.00            0
1               5               14              40              60              1000            1.00            0
1               5               14              80              100             1000            1.00            0
1               5               14              120             140             1000            1.00            0
1               5               14              160             180             1000            1.00            0
1               6               5               70              80              1000            1.00            0
1               6               9               30              40              1000            1.00            0
1               6               9               80              90              1000            1.00            0
1               7               2               50              60              1000            1.00            0
1               7               4               30              40              1000            1.00            0
1               7               4               70              80              1000            1.00            0
1               7               8               30              40              1000            1.00            0
1               8               5               40              50              1000            1.00            0
1               8               5               50              60              1000            1.00            0
1               8               6               90              100             1000            1.00            0
1               8               7               60              70              1000            1.00            0
1               8               7               90              100             1000            1.00            0
1               8               12              80              90              1000            1.00            0
1               8               13              40              60              1000            1.00            0
1               8               13              80              100             1000            1.00            0
1               8               13              120             140             1000            1.00            0
1               8               13              160             180             1000            1.00            0
1               9               6               20              30              1000            1.00            0
1               9               12              30              40              1000            1.00            0
1               9               15              40              60              1000            1.00            0
1               9               15              80              100             1000            1.00            0
1               9               15              120             140             1000            1.00            0
1               9               15              160             180             1000            1.00            0
1               10              7               20              30              1000            1.00            0
1               10              7               40              50              1000            1.00            0
1               10              8               80              90              1000            1.00            0
1               10              11              30              40              1000            1.00            0
1               11              8               40              50              1000            1.00            0
1               11              10              20              30              1000            1.00            0
1               11              10              40              50              1000            1.00            0
1               11              12              40              50              1000            1.00            0
1               11              14              40              60              1000            1.00            0
1               11              14              80              100             1000            1.00            0
1               11              14              120             140             1000            1.00            0
1               11              14              160             180             1000            1.00            0
1               12              4               100             110             1000            1.00            0
1               12              11              40              50              1000            1.00            0
1               13              1               40              60              1000            1.00            0
1               13              1               80              100             1000            1.00            0
1               13              1               120             140             1000            1.00            0
1               13              1               160             180             1000            1.00            0
1               13              8               40              60              1000            1.00            0
1               13              8               80              100             1000            1.00            0
1               13              8               120             140             1000            1.00            0
1               13              8               160             180             1000            1.00            0
1               14              5               40              60              1000            1.00            0
1               14              5               80              100             1000            1.00            0
1               14              5               120             140             1000            1.00            0
1               14              5               160             180             1000            1.00            0
1               14              11              40              60              1000            1.00            0
1               14              11              80              100             1000            1.00            0
1               14              11              120             140             1000            1.00            0
1               14              11              160             180             1000            1.00            0
1               15              3               40              60              1000            1.00            0
1               15              3               80              100             1000            1.00            0
1               15              3               120             140             1000            1.00            0
1               15              3               160             180             1000            1.00            0
1               15              9               40              60              1000            1.00            0
1               15              9               80              100             1000            1.00            0
1               15              9               120             140             1000            1.00            0
1               15              9               160             180             1000            1.00            0

--------------------------------------------------------------------------------------------------------------------------

---------------------------- RANGES GRAPH ----------------------------
Time: 25
FromNode        ToNode          FromTime        ToTime          OWLT
1               4               60              70              0
1               13              40              60              0
1               13              80              100             0
1               13              120             140             0
1               13              160             180             0
2               3               70              80              0
2               4               60              70              0
2               5               50              60              0
3               2               50              60              0
3               5               30              40              0
3               6               70              80              0
3               15              40              60              0
3               15              80              100             0
3               15              120             140             0
3               15              160             180             0
4               1               30              40              0
4               8               70              80              0
5               1               50              60              0
5               2               50              60              0
5               3               50              60              0
5               6               20              30              0
5               6               40              50              0
5               14              40              60              0
5               14              80              100             0
5               14              120             140             0
5               14              160             180             0
6               5               70              80              0
6               9               30              40              0
6               9               80              90              0
7               2               50              60              0
7               4               30              40              0
7               4               70              80              0
7               8               30              40              0
8               5               40              50              0
8               5               50              60              0
8               6               90              100             0
8               7               60              70              0
8               7               90              100             0
8               12              80              90              0
8               13              40              60              0
8               13              80              100             0
8               13              120             140             0
8               13              160             180             0
9               6               20              30              0
9               12              30              40              0
9               15              40              60              0
9               15              80              100             0
9               15              120             140             0
9               15              160             180             0
10              7               20              30              0
10              7               40              50              0
10              8               80              90              0
10              11              30              40              0
11              8               40              50              0
11              10              20              30              0
11              10              40              50              0
11              12              40              50              0
11              14              40              60              0
11              14              80              100             0
11              14              120             140             0
11              14              160             180             0
12              4               100             110             0
12              11              40              50              0
13              1               40              60              0
13              1               80              100             0
13              1               120             140             0
13              1               160             180             0
13              8               40              60              0
13              8               80              100             0
13              8               120             140             0
13              8               160             180             0
14              5               40              60              0
14              5               80              100             0
14              5               120             140             0
14              5               160             180             0
14              11              40              60              0
14              11              80              100             0
14              11              120             140             0
14              11              160             180             0
15              3               40              60              0
15              3               80              100             0
15              3               120             140             0
15              3               160             180             0
15              9               40              60              0
15              9               80              100             0
15              9               120             140             0
15              9               160             180             0

----------------------------------------------------------------------

--------------------------------------------------------- PHASE ONE: COMPUTED ROUTES ----------------------------------------------------------

1) ComputedAtTime: 25
Neighbor        FromTime        ToTime          ArrivalTime     OwltSum         Confidence      Children        Father          Hops            SP
8               30              40              50              0               1.00            0               no              3               0.046400
FromNode        ToNode          FromTime        ToTime          XmitRate        Confidence      MTV[Bulk]       MTV[Normal]     MTV[Expedited]
7               8               30              40              1000            1.00            10000           10000           10000
8               5               40              50              1000            1.00            10000           10000           10000
5               3               50              60              1000            1.00            10000           10000           10000

2) ComputedAtTime: 25
Neighbor        FromTime        ToTime          ArrivalTime     OwltSum         Confidence      Children        Father          Hops            SP
2               50              60              50              0               1.00            0               no              3               0.040000
FromNode        ToNode          FromTime        ToTime          XmitRate        Confidence      MTV[Bulk]       MTV[Normal]     MTV[Expedited]
7               2               50              60              1000            1.00            10000           10000           10000
2               5               50              60              1000            1.00            10000           10000           10000
5               3               50              60              1000            1.00            10000           10000           10000

3) ComputedAtTime: 25
Neighbor        FromTime        ToTime          ArrivalTime     OwltSum         Confidence      Children        Father          Hops            SP
4               30              40              50              0               1.00            0               no              6               0.034880
FromNode        ToNode          FromTime        ToTime          XmitRate        Confidence      MTV[Bulk]       MTV[Normal]     MTV[Expedited]
7               4               30              40              1000            1.00            10000           10000           10000
4               1               30              40              1000            1.00            10000           10000           10000
1               13              40              60              1000            1.00            20000           20000           20000
13              8               40              60              1000            1.00            20000           20000           20000
8               5               40              50              1000            1.00            10000           10000           10000
5               3               50              60              1000            1.00            10000           10000           10000

-----------------------------------------------------------------------------------------------------------------------------------------------

--------------------------------------------------------- PHASE TWO: CANDIDATE ROUTES ---------------------------------------------------------

Route n.        ETO             PBAT            RVL             Overbooked (G)  Overbooked (U)  Protected (G)   Protected (U)
1)              30              50              10000           0               0               0               0
2)              50              50              10000           0               0               0               0
3)              30              50              10000           0               0               0               0

-----------------------------------------------------------------------------------------------------------------------------------------------

------------ PHASE THREE: BEST ROUTES ------------

Route n.        Neighbor
1)              8

--------------------------------------------------
