
current time: 160

------------------------------------------- BUNDLE -------------------------------------------

Destination     SenderNode      Size            Deadline        Bundle EVC      DlvConfidence
6               0               0               9000000         36              1.00
PriorityLevel   Ordinal         Critical        ReturnToSender  Probe           Fragmentable
Normal          0               no              no              no              no

Excluded neighbors: 

----------------------------------------------------------------------------------------------

----------------------------------------------------- CONTACTS GRAPH -----------------------------------------------------
Time: 160
Region          FromNode        ToNode          FromTime        ToTime          XmitRate        Confidence      Citations
1               3               10              160             180             1000            1.00            0
1               4               1               160             180             1000            1.00            0
1               6               14              160             180             1000            1.00            0
1               7               15              160             180             1000            1.00            0
1               9               14              160             180             1000            1.00            0
1               10              3               160             180             1000            1.00            0
1               10              13              160             180             1000            1.00            0
1               11              15              160             180             1000            1.00            0
1               12              13              160             180             1000            1.00            0
1               13              10              160             180             1000            1.00            0
1               13              12              160             180             1000            1.00            0
1               14              6               160             180             1000            1.00            0
1               14              9               160             180             1000            1.00            0
1               15              7               160             180             1000            1.00            0
1               15              11              160             180             1000            1.00            0

--------------------------------------------------------------------------------------------------------------------------

---------------------------- RANGES GRAPH ----------------------------
Time: 160
FromNode        ToNode          FromTime        ToTime          OWLT
3               10              160             180             0
4               1               160             180             0
6               14              160             180             0
7               15              160             180             0
9               14              160             180             0
10              3               160             180             0
10              13              160             180             0
11              15              160             180             0
12              13              160             180             0
13              10              160             180             0
13              12              160             180             0
14              6               160             180             0
14              9               160             180             0
15              7               160             180             0
15              11              160             180             0

----------------------------------------------------------------------

--------------------------------------------------------- PHASE ONE: COMPUTED ROUTES ----------------------------------------------------------

0 computed routes.

-----------------------------------------------------------------------------------------------------------------------------------------------

--------------------------------------------------------- PHASE TWO: CANDIDATE ROUTES ---------------------------------------------------------

0 candidate routes.

-----------------------------------------------------------------------------------------------------------------------------------------------

------------ PHASE THREE: BEST ROUTES ------------

0 best routes.

--------------------------------------------------
