
current time: 100

------------------------------------------- BUNDLE -------------------------------------------

Destination     SenderNode      Size            Deadline        Bundle EVC      DlvConfidence
4               14              0               9000000         36              1.00
PriorityLevel   Ordinal         Critical        ReturnToSender  Probe           Fragmentable
Normal          0               no              no              no              no

Excluded neighbors: 

----------------------------------------------------------------------------------------------

----------------------------------------------------- CONTACTS GRAPH -----------------------------------------------------
Time: 100
Region          FromNode        ToNode          FromTime        ToTime          XmitRate        Confidence      Citations
1               1               2               100             120             1000            1.00            0
1               1               9               140             160             1000            1.00            0
1               2               3               120             140             1000            1.00            0
1               2               12              120             160             1000            1.00            0
1               3               4               140             160             1000            1.00            0
1               3               10              100             120             1000            1.00            0
1               3               10              160             180             1000            1.00            0
1               4               1               160             180             1000            1.00            0
1               4               6               120             140             1000            1.00            0
1               6               4               120             140             1000            1.00            0
1               6               7               100             120             1000            1.00            0
1               6               14              120             140             1000            1.00            0
1               6               14              160             180             1000            1.00            0
1               7               1               100             120             1000            1.00            0
1               7               15              120             140             1000            1.00            0
1               7               15              160             180             1000            1.00            0
1               8               2               100             120             1000            1.00            0
1               9               1               140             160             1000            1.00            0
1               9               8               140             160             1000            1.00            0
1               9               14              120             140             1000            1.00            0
1               9               14              160             180             1000            1.00            0
1               10              3               100             120             1000            1.00            0
1               10              3               160             180             1000            1.00            0
1               10              13              120             140             1000            1.00            0
1               10              13              160             180             1000            1.00            0
1               11              15              120             140             1000            1.00            0
1               11              15              160             180             1000            1.00            0
1               12              2               120             160             1000            1.00            0
1               12              13              120             140             1000            1.00            0
1               12              13              160             180             1000            1.00            0
1               13              10              120             140             1000            1.00            0
1               13              10              160             180             1000            1.00            0
1               13              12              120             140             1000            1.00            0
1               13              12              160             180             1000            1.00            0
1               14              6               120             140             1000            1.00            0
1               14              6               160             180             1000            1.00            0
1               14              9               120             140             1000            1.00            0
1               14              9               160             180             1000            1.00            0
1               15              7               120             140             1000            1.00            0
1               15              7               160             180             1000            1.00            0
1               15              11              120             140             1000            1.00            0
1               15              11              160             180             1000            1.00            0

--------------------------------------------------------------------------------------------------------------------------

---------------------------- RANGES GRAPH ----------------------------
Time: 100
FromNode        ToNode          FromTime        ToTime          OWLT
1               2               100             120             0
1               9               140             160             0
2               3               120             140             0
2               12              120             160             0
3               4               140             160             0
3               10              100             120             0
3               10              160             180             0
4               1               160             180             0
4               6               120             140             0
6               4               120             140             0
6               7               100             120             0
6               14              120             140             0
6               14              160             180             0
7               1               100             120             0
7               15              120             140             0
7               15              160             180             0
8               2               100             120             0
9               1               140             160             0
9               8               140             160             0
9               14              120             140             0
9               14              160             180             0
10              3               100             120             0
10              3               160             180             0
10              13              120             140             0
10              13              160             180             0
11              15              120             140             0
11              15              160             180             0
12              2               120             160             0
12              13              120             140             0
12              13              160             180             0
13              10              120             140             0
13              10              160             180             0
13              12              120             140             0
13              12              160             180             0
14              6               120             140             0
14              6               160             180             0
14              9               120             140             0
14              9               160             180             0
15              7               120             140             0
15              7               160             180             0
15              11              120             140             0
15              11              160             180             0

----------------------------------------------------------------------

--------------------------------------------------------- PHASE ONE: COMPUTED ROUTES ----------------------------------------------------------

1) ComputedAtTime: 100
Neighbor        FromTime        ToTime          ArrivalTime     OwltSum         Confidence      Children        Father          Hops            SP
4               120             140             120             0               1.00            0               no              1               0.200000
FromNode        ToNode          FromTime        ToTime          XmitRate        Confidence      MTV[Bulk]       MTV[Normal]     MTV[Expedited]
6               4               120             140             1000            1.00            20000           20000           20000

2) ComputedAtTime: 100
Neighbor        FromTime        ToTime          ArrivalTime     OwltSum         Confidence      Children        Father          Hops            SP
7               100             120             140             0               1.00            0               no              5               0.160320
FromNode        ToNode          FromTime        ToTime          XmitRate        Confidence      MTV[Bulk]       MTV[Normal]     MTV[Expedited]
6               7               100             120             1000            1.00            20000           20000           20000
7               1               100             120             1000            1.00            20000           20000           20000
1               2               100             120             1000            1.00            20000           20000           20000
2               3               120             140             1000            1.00            20000           20000           20000
3               4               140             160             1000            1.00            20000           20000           20000

-----------------------------------------------------------------------------------------------------------------------------------------------

--------------------------------------------------------- PHASE TWO: CANDIDATE ROUTES ---------------------------------------------------------

Route n.        ETO             PBAT            RVL             Overbooked (G)  Overbooked (U)  Protected (G)   Protected (U)
1)              120             120             20000           0               0               0               0
2)              100             140             20000           0               0               0               0

-----------------------------------------------------------------------------------------------------------------------------------------------

------------ PHASE THREE: BEST ROUTES ------------

Route n.        Neighbor
1)              4

--------------------------------------------------
